####################-------------------------------       ---------------------------model saving start--------------------------------      ------------------------------------------############################
************************    Time elapsed =  0.00715735  minutes    |||     0.42944099999999996  seconds ************************
-------------------------------------------------------   TOTAL TIME =  0.42944099999999996
####################-------------------------------       ---------------------------model saving finish--------------------------------      ------------------------------------------############################
************************    Time elapsed =  0.16355961666666666  minutes    |||     9.813576999999999  seconds ************************
-------------------------------------------------------   TOTAL TIME =  10.243018
####################-------------------------------       MODEL TRAINED!!      ------------------------------------------############################
************************    Time elapsed =  0.2092946  minutes    |||     12.557676  seconds ************************
-------------------------------------------------------   TOTAL TIME =  22.800694
####################-------------------------------       features ready for transposing      ------------------------------------------############################
************************    Time elapsed =  2.0247571  minutes    |||     121.485426  seconds ************************
-------------------------------------------------------   TOTAL TIME =  144.28612
####################-------------------------------       transposing done      ------------------------------------------############################
************************    Time elapsed =  0.9921622  minutes    |||     59.529732  seconds ************************
-------------------------------------------------------   TOTAL TIME =  203.815852
####################-------------------------------       prediction done      ------------------------------------------############################
************************    Time elapsed =  10.281095216666667  minutes    |||     616.865713  seconds ************************
-------------------------------------------------------   TOTAL TIME =  820.6815650000001
####################-------------------------------       update unknown indices      ------------------------------------------############################
************************    Time elapsed =  13.891269466666667  minutes    |||     833.476168  seconds ************************
-------------------------------------------------------   TOTAL TIME =  1654.157733
-----------------------  DEBUG no. #  1  --------------------------------------------------------------------------------

997



---------------------------------------------------------------------------------------------------------------------------------------
########################################################################################################################
########################################################################################################################
########################################################################################################################
########################################################################################################################


-----------------------  DEBUG no. #  2  --------------------------------------------------------------------------------

[256, 419, 997]



---------------------------------------------------------------------------------------------------------------------------------------
########################################################################################################################
########################################################################################################################
########################################################################################################################
########################################################################################################################


-----------------------  DEBUG no. #  3  --------------------------------------------------------------------------------

[674, 192, 213, 892, 135, 22, 201, 647, 754, 995, 479, 733, 844, 665, 285, 473, 499, 881, 781, 934, 675, 396, 877, 74, 78, 19, 259, 413, 589, 14, 395, 189, 893, 654, 355, 850, 283, 774, 535, 604, 929, 790, 390, 420, 545, 245, 318, 119, 346, 187, 845, 669, 920, 182, 226, 107, 505, 578, 112, 313, 215, 734, 755, 358, 289, 312, 568, 889, 952, 467, 779, 124, 5, 316, 970, 261, 428, 269, 986, 600, 501, 619, 855, 460, 602, 762, 263, 671, 126, 10, 286, 528, 183, 236, 297, 372, 747, 338, 785, 806, 287, 718, 572, 158, 981, 798, 496, 783, 692, 515, 193, 610, 171, 509, 9, 400, 96, 977, 814, 475, 816, 497, 170, 111, 218, 585, 451, 343, 471, 66, 607, 51, 93, 624, 149, 502, 580, 262, 605, 787, 520, 466, 548, 569, 98, 799, 406, 965, 412, 373, 802, 898, 519, 360, 709, 732, 775, 810, 931, 326, 347, 58, 959, 678, 184, 586, 169, 954, 517, 883, 472, 533, 156, 197, 448, 77, 590, 411, 296, 357, 298, 679, 743, 324, 122, 45, 994, 76, 35, 576, 537, 229, 53, 939, 280, 736, 717, 696, 737, 972, 335, 233, 874, 735, 943, 199, 480, 470, 503, 544, 194, 115, 608, 82, 949, 871, 630, 20, 302, 763, 469, 988, 603, 744, 221, 914, 277, 37, 202, 3, 906, 474, 555, 85, 101, 130, 591, 292, 833, 946, 588, 309, 730, 687, 606, 128, 983, 38, 141, 403, 464, 249, 391, 242, 46, 125, 740, 462, 911, 114, 255, 72, 713, 795, 212, 715, 853, 127, 370, 540, 522, 542, 942, 962, 778, 219, 476, 597, 21, 404, 524, 436, 57, 620, 922, 989, 915, 434, 830, 631, 667, 366, 368, 369, 824, 188, 332, 973, 796, 237, 178, 278, 859, 584, 849, 491, 228, 623, 848, 683, 384, 901, 765, 13, 401, 43, 4, 282, 275, 940, 560, 222, 701, 695, 842, 523, 691, 103, 724, 452, 598, 819, 380, 822, 682, 786, 367, 386, 487, 456, 389, 410, 508, 839, 681, 281, 163, 344, 161, 485, 427, 862, 61, 0, 525, 270, 951, 847, 649, 331, 958, 815, 964, 645, 423, 702, 151, 706, 507, 138, 153, 495, 834, 583, 44, 782, 437, 556, 179, 660, 642, 616, 117, 860, 342, 174, 334, 967, 974, 693, 100, 186, 746, 388, 252, 633, 223, 918, 349, 571, 947, 807, 18, 399, 950, 771, 896, 837, 414, 424, 865, 516, 557, 2, 562, 374, 891, 28, 336, 992, 573, 690, 531, 108, 152, 363, 445, 725, 453, 177, 148, 442, 838, 99, 30, 131, 999, 81, 791, 232, 253, 650, 29, 651, 243, 924, 359, 398, 919, 820, 42, 635, 146, 561, 905, 216, 961, 377, 307, 697, 550, 971, 661, 463, 818, 979, 749, 601, 317, 431, 750, 91, 938, 672, 753, 536, 876, 157, 826, 468, 625, 567, 776, 17, 639, 393, 688, 613, 279, 273, 727, 315, 266, 907, 512, 773, 821, 813, 574, 684, 729, 181, 1, 180, 136, 917, 547, 120, 506, 288, 538, 539, 394, 875, 459, 64, 407, 23, 421, 48, 489, 254, 457, 303, 444, 246, 88, 761, 854, 195, 416, 207, 139, 267, 409, 196, 106, 908, 339, 885, 564, 225, 894, 247, 59, 714, 257, 94, 897, 364, 319, 304, 945, 118, 699, 443, 155, 975, 290, 291, 957, 49, 803, 492, 996, 97, 534, 745, 294, 55, 494, 680, 662, 168, 769, 758, 83, 792, 933, 912, 593, 361, 565, 310, 925, 614, 655, 140, 521, 843, 54, 841, 16, 617, 104, 305, 227, 836, 797, 926, 968, 200, 481, 320, 941, 381, 622, 595, 552, 113, 60, 362, 870, 756, 861, 145, 67, 154, 295, 238, 879, 712, 284, 960, 748, 969, 375, 353, 788, 244, 105, 504, 147, 234, 167, 383, 162, 916, 643, 337, 789, 698, 719, 823, 644, 461, 869, 936, 777, 805, 868, 330, 886, 40, 422, 498, 308, 321, 56, 440, 722, 541, 450, 371, 12, 143, 224, 206, 621, 828, 159, 944, 90, 31, 742, 415, 902, 354, 626, 811, 438, 458, 239, 766, 668, 314, 741, 570, 191, 198, 439, 685, 483, 984, 793, 784, 530, 851, 629, 858, 75, 657, 637, 345, 987, 596, 417, 581, 801, 575, 220, 65, 87, 382, 618, 379, 909, 258, 92, 293, 164, 628, 454, 86, 887, 812, 73, 265, 587, 518, 209, 566, 863, 592, 25, 646, 827, 34, 348, 670, 301, 532, 433, 217, 132, 866, 767, 425, 418, 79, 890, 731, 26, 447, 116, 937, 446, 878, 559, 251, 998, 739, 930, 551, 165, 333, 493, 514, 95, 825, 935, 62, 449, 903, 306, 432, 350, 352, 89, 991, 928, 609, 723, 904, 327, 846, 676, 817, 69, 720, 441, 211, 577, 985, 387, 953, 340, 274, 829, 932, 33, 751, 230, 71, 563, 484, 895, 8, 689, 32, 615, 84, 385, 726, 328, 109, 150, 231, 549, 978, 39, 673, 921, 553, 272, 176, 677, 872, 882, 526, 627, 880, 760, 341, 634, 716, 47, 11, 465, 594, 800, 477, 378, 659, 852, 923, 704, 529, 397, 299, 638, 166, 208, 710, 63, 804, 948, 429, 993, 172, 955, 632, 15, 888, 772, 356, 70, 809, 768, 276, 137, 738, 510, 831, 664, 323, 24, 707, 752, 873, 703, 976, 857, 214, 133, 780, 430, 250, 611, 558, 666, 636, 728, 311, 260, 241, 482, 641, 612, 173, 554, 240, 142, 721, 235, 376, 711, 121, 190, 963, 640, 41, 832, 513, 840, 264, 129, 835, 910, 203, 652, 653, 392, 759, 794, 435, 80, 6, 488, 990, 808, 656, 123, 864, 365, 980, 402, 329, 36, 599, 268, 527, 770, 511, 700, 982, 764, 205, 663, 204, 546, 708, 325, 52, 927, 27, 426, 408, 110, 351, 490, 271, 68, 248, 405, 899, 160, 322, 900, 486, 686, 648, 175, 705, 757, 543, 144, 694, 500, 102, 856, 7, 966, 300, 884, 50, 455, 913, 956, 579, 478, 867, 185, 134, 582, 210, 658]



---------------------------------------------------------------------------------------------------------------------------------------
########################################################################################################################
########################################################################################################################
########################################################################################################################
########################################################################################################################


####################-------------------------------       DEBUGGING DONE      ------------------------------------------############################
************************    Time elapsed =  0.008839  minutes    |||     0.53034  seconds ************************
-------------------------------------------------------   TOTAL TIME =  1654.688073
