labeled =  10  unlabeled =  4990
[-0.0, -0.0, -0.0, -0.0, -0.0, -0.0, -0.0, -0.0, -0.0, -0.0]
[(3177, -0.0), (1059, -0.0), (4236, -0.0), (2118, -0.0), (1064, -0.0), (4241, -0.0), (2123, -0.0), (3182, -0.0), (2128, -0.0), (10, -0.0)]
Iteration  1  -- accu =  85.05
labeled =  20  unlabeled =  4980
[0.2575424759098898, 0.3602012209808308, 0.44217935649972373, 0.3602012209808308, 0.3602012209808308, 0.2575424759098898, 0.13680278410054497, 0.13680278410054497, 0.3602012209808308, 0.2575424759098898]
[(144, 2499.365487789562), (3576, 2497.2994173520697), (372, 2496.742951946382), (971, 2492.962461843847), (2920, 2492.367340125166), (2238, 2490.992482698474), (2984, 2490.0592097679005), (319, 2489.798260542131), (3625, 2489.3467599345286), (3430, 2489.325910556211)]
Iteration  2  -- accu =  79.16
labeled =  30  unlabeled =  4970
[0.13680278410054497, 0.13680278410054497, 0.13680278410054497, 0.3602012209808308, 0.13680278410054497, 0.44217935649972373, 0.44217935649972373, 0.13680278410054497, 0.5287712379549449, 0.2575424759098898]
[(2646, 2499.904276692939), (996, 2497.152255078755), (2262, 2495.678745426397), (3710, 2493.8831880232533), (1962, 2493.8698940406703), (3078, 2493.5949352976713), (421, 2493.0015983909047), (895, 2492.9019763967376), (1523, 2492.8269575138133), (3046, 2491.776267725219)]
Iteration  3  -- accu =  81.61
labeled =  40  unlabeled =  4960
[0.13680278410054497, 0.13680278410054497, 0.3602012209808308, 0.2575424759098898, 0.44217935649972373, 0.5, 0.3602012209808308, 0.13680278410054497, 0.2575424759098898, 0.3602012209808308]
[(73, 2499.8173758032644), (3385, 2499.273794809749), (1299, 2499.18847696116), (3782, 2498.879349344974), (800, 2495.6596326881213), (618, 2495.0807867839326), (542, 2494.4488909864035), (4764, 2494.039450281408), (3480, 2493.00865790417), (1162, 2492.2848209445306)]
Iteration  4  -- accu =  88.16
labeled =  50  unlabeled =  4950
[0.2575424759098898, 0.13680278410054497, 0.3602012209808308, 0.46438561897747244, 0.2575424759098898, -0.0, 0.44217935649972373, -0.0, 0.3602012209808308, 0.13680278410054497]
[(3248, 2493.0860823540393), (1811, 2492.172637317879), (2290, 2491.559222139493), (3352, 2490.183981303255), (3686, 2489.768306716097), (248, 2489.508805244059), (2985, 2488.897541236169), (3481, 2487.460536133175), (2647, 2487.1948077254656), (3790, 2487.0924106929715)]
Iteration  5  -- accu =  84.35000000000001
labeled =  60  unlabeled =  4940
[0.5210896782498619, 0.5, -0.0, 0.44217935649972373, 0.46438561897747244, 0.3602012209808308, 0.3602012209808308, 0.3602012209808308, 0.44217935649972373, 0.5287712379549449]
[(3142, 2496.872371773242), (377, 2495.109234762957), (4305, 2494.5280642481844), (2892, 2493.64340517063), (4350, 2492.9012264343933), (292, 2492.357115870655), (3575, 2492.2351220149612), (1522, 2491.6747932645253), (3259, 2491.224748091954), (1453, 2490.837941710597)]
Iteration  6  -- accu =  69.91000000000001
labeled =  70  unlabeled =  4930
[0.46438561897747244, 0.2575424759098898, 0.13680278410054497, 0.3321928094887362, 0.2575424759098898, -0.0, 0.46438561897747244, 0.5210896782498619, 0.46438561897747244, 0.5210896782498619]
[(1023, 2497.7717804572703), (2402, 2496.7983075866055), (725, 2496.1825195043325), (4207, 2495.873859161142), (3997, 2494.833884413305), (234, 2494.0172393097887), (2270, 2492.3166273174184), (3806, 2492.2202951122913), (3296, 2492.2115490778706), (3627, 2491.744013237513)]
Iteration  7  -- accu =  71.78
labeled =  80  unlabeled =  4920
[-0.0, 0.5, 0.2575424759098898, 0.3602012209808308, 0.5, 0.3602012209808308, 0.3602012209808308, 0.5, 0.44217935649972373, 0.44217935649972373]
[(305, 2499.205944184875), (2168, 2498.6835453952417), (797, 2493.2118797929625), (161, 2489.5838800173524), (3283, 2489.4879332056616), (3869, 2489.0136012193148), (4339, 2488.8625303264353), (2400, 2488.493262193917), (132, 2487.9938462552805), (1348, 2487.065524819531)]
Iteration  8  -- accu =  83.75
labeled =  90  unlabeled =  4910
[0.13680278410054497, 0.5, 0.3602012209808308, 0.5, 0.2575424759098898, 0.5210896782498619, -0.0, 0.13680278410054497, 0.2575424759098898, 0.5287712379549449]
[(1258, 2497.4292549392026), (2231, 2490.779479999304), (3174, 2490.6094779600794), (496, 2490.2059554267666), (275, 2490.118974537252), (932, 2489.5437632614885), (1021, 2489.0860351778447), (227, 2488.4843584060536), (1648, 2487.5509824805695), (1688, 2486.7105866850693)]
Iteration  9  -- accu =  84.25
labeled =  100  unlabeled =  4900
[0.5287712379549449, 0.5287712379549449, 0.5, 0.5, 0.44217935649972373, 0.44217935649972373, 0.2575424759098898, 0.3602012209808308, 0.5, 0.44217935649972373]
[(2612, 2501.9188080178888), (985, 2496.0641716292325), (3156, 2494.91460517864), (541, 2494.4162466497), (3567, 2493.302096242717), (3587, 2492.289258450529), (3830, 2492.1772845942373), (1753, 2492.130482267845), (3079, 2492.04695220812), (2762, 2491.958845325093)]
Iteration  10  -- accu =  74.64999999999999
labeled =  110  unlabeled =  4890
[0.46438561897747244, 0.5, 0.3602012209808308, -0.0, 0.13680278410054497, -0.0, 0.3602012209808308, 0.5210896782498619, 0.5287712379549449, 0.13680278410054497]
[(3027, 2497.80726637934), (309, 2495.598918517328), (3849, 2493.8415760247813), (195, 2492.589156879492), (2864, 2492.3396166403304), (2603, 2491.8229196766847), (1591, 2491.3065778427763), (1888, 2489.1257648956953), (2999, 2489.0390152713494), (74, 2488.461102390754)]
Iteration  11  -- accu =  85.06
labeled =  120  unlabeled =  4880
[0.5, 0.5287712379549449, 0.2575424759098898, 0.3602012209808308, 0.5, 0.5287712379549449, 0.13680278410054497, 0.44217935649972373, 0.13680278410054497, 0.13680278410054497]
[(3736, 2492.939796534199), (3447, 2491.661239378373), (3113, 2491.336752940423), (185, 2489.9452145688006), (611, 2488.488939639191), (1184, 2488.240939097663), (2973, 2487.984864518511), (43, 2487.6807780310005), (4802, 2487.3853860348863), (1429, 2486.9948955493533)]
Iteration  12  -- accu =  81.43
labeled =  130  unlabeled =  4870
[0.3602012209808308, 0.5, 0.44217935649972373, 0.5210896782498619, 0.2575424759098898, 0.5, 0.3602012209808308, 0.3602012209808308, 0.2575424759098898, 0.5287712379549449]
[(1390, 2497.8052036358936), (524, 2493.9045501018513), (2586, 2492.1777026961395), (58, 2491.769787212315), (597, 2491.193139988657), (3390, 2490.669223448663), (1028, 2490.2290641785203), (2097, 2488.6430541299924), (1058, 2486.6999464053542), (387, 2486.6752537657903)]
Iteration  13  -- accu =  78.57000000000001
labeled =  140  unlabeled =  4860
[0.13680278410054497, 0.2575424759098898, -0.0, 0.5, -0.0, 0.2575424759098898, 0.3602012209808308, -0.0, -0.0, 0.13680278410054497]
[(1112, 2496.116341235919), (1067, 2495.443836564731), (2880, 2491.763665625666), (3299, 2490.9101068444847), (72, 2490.5634196015408), (4229, 2490.473788491633), (102, 2489.891283108935), (2869, 2487.6676303484414), (349, 2487.5383200420574), (1206, 2486.8015409638083)]
Iteration  14  -- accu =  85.86
labeled =  150  unlabeled =  4850
19/04/24 22:06:23 ERROR Utils: Uncaught exception in thread heartbeat-receiver-event-loop-thread
java.lang.NullPointerException
	at org.apache.spark.util.CollectionAccumulator.value(AccumulatorV2.scala:464)
	at org.apache.spark.util.CollectionAccumulator.value(AccumulatorV2.scala:439)
	at org.apache.spark.scheduler.TaskSchedulerImpl$$anonfun$6$$anonfun$7.apply(TaskSchedulerImpl.scala:408)
	at org.apache.spark.scheduler.TaskSchedulerImpl$$anonfun$6$$anonfun$7.apply(TaskSchedulerImpl.scala:408)
	at scala.collection.TraversableLike$$anonfun$map$1.apply(TraversableLike.scala:234)
	at scala.collection.TraversableLike$$anonfun$map$1.apply(TraversableLike.scala:234)
	at scala.collection.Iterator$class.foreach(Iterator.scala:893)
	at scala.collection.AbstractIterator.foreach(Iterator.scala:1336)
	at scala.collection.IterableLike$class.foreach(IterableLike.scala:72)
	at scala.collection.AbstractIterable.foreach(Iterable.scala:54)
	at scala.collection.TraversableLike$class.map(TraversableLike.scala:234)
	at scala.collection.AbstractTraversable.map(Traversable.scala:104)
	at org.apache.spark.scheduler.TaskSchedulerImpl$$anonfun$6.apply(TaskSchedulerImpl.scala:408)
	at org.apache.spark.scheduler.TaskSchedulerImpl$$anonfun$6.apply(TaskSchedulerImpl.scala:407)
	at scala.collection.TraversableLike$$anonfun$flatMap$1.apply(TraversableLike.scala:241)
	at scala.collection.TraversableLike$$anonfun$flatMap$1.apply(TraversableLike.scala:241)
	at scala.collection.IndexedSeqOptimized$class.foreach(IndexedSeqOptimized.scala:33)
	at scala.collection.mutable.ArrayOps$ofRef.foreach(ArrayOps.scala:186)
	at scala.collection.TraversableLike$class.flatMap(TraversableLike.scala:241)
	at scala.collection.mutable.ArrayOps$ofRef.flatMap(ArrayOps.scala:186)
	at org.apache.spark.scheduler.TaskSchedulerImpl.executorHeartbeatReceived(TaskSchedulerImpl.scala:407)
	at org.apache.spark.HeartbeatReceiver$$anonfun$receiveAndReply$1$$anon$2$$anonfun$run$2.apply$mcV$sp(HeartbeatReceiver.scala:129)
	at org.apache.spark.util.Utils$.tryLogNonFatalError(Utils.scala:1283)
	at org.apache.spark.HeartbeatReceiver$$anonfun$receiveAndReply$1$$anon$2.run(HeartbeatReceiver.scala:128)
	at java.util.concurrent.Executors$RunnableAdapter.call(Executors.java:511)
	at java.util.concurrent.FutureTask.run(FutureTask.java:266)
	at java.util.concurrent.ScheduledThreadPoolExecutor$ScheduledFutureTask.access$201(ScheduledThreadPoolExecutor.java:180)
	at java.util.concurrent.ScheduledThreadPoolExecutor$ScheduledFutureTask.run(ScheduledThreadPoolExecutor.java:293)
	at java.util.concurrent.ThreadPoolExecutor.runWorker(ThreadPoolExecutor.java:1142)
	at java.util.concurrent.ThreadPoolExecutor$Worker.run(ThreadPoolExecutor.java:617)
	at java.lang.Thread.run(Thread.java:748)
[0.2575424759098898, 0.3602012209808308, 0.44217935649972373, 0.3602012209808308, 0.13680278410054497, 0.5287712379549449, 0.5287712379549449, 0.3602012209808308, 0.13680278410054497, 0.44217935649972373]
[(4475, 2491.602434149631), (3494, 2491.386702722813), (335, 2491.3197280760132), (164, 2489.7018404666405), (4777, 2489.371827716542), (2154, 2489.14157638732), (3845, 2488.9656099311665), (399, 2488.6245919726994), (3044, 2487.481284701194), (111, 2486.3038649634536)]
Iteration  15  -- accu =  84.75
labeled =  160  unlabeled =  4840
[0.13680278410054497, 0.3602012209808308, 0.3602012209808308, -0.0, -0.0, 0.2575424759098898, 0.13680278410054497, 0.2575424759098898, 0.2575424759098898, 0.2575424759098898]
[(1142, 2495.3139258764677), (2235, 2494.326286435303), (4442, 2493.3019795434957), (1451, 2492.865198980493), (2463, 2490.735938792593), (2699, 2487.841223092123), (1227, 2487.160129830846), (4690, 2485.076621591746), (2162, 2484.9641698666615), (221, 2484.89706903936)]
Iteration  16  -- accu =  88.96
labeled =  170  unlabeled =  4830
[-0.0, 0.5287712379549449, -0.0, 0.13680278410054497, 0.3602012209808308, 0.2575424759098898, -0.0, 0.2575424759098898, 0.5, -0.0]
[(3353, 2491.8995097445327), (3485, 2490.553105139872), (869, 2489.321943200397), (692, 2488.7907540081787), (4377, 2488.5303704478606), (1188, 2487.7508396739286), (4268, 2487.664488536432), (4214, 2487.623891478649), (463, 2487.1594196404003), (834, 2486.5191041619005)]
Iteration  17  -- accu =  86.4
labeled =  180  unlabeled =  4820
[0.13680278410054497, 0.5, 0.13680278410054497, -0.0, 0.5, 0.13680278410054497, -0.0, 0.5, 0.5, 0.5]
[(4729, 2496.138353453898), (1291, 2494.1589919607677), (2970, 2491.714921212162), (3979, 2490.8891838358595), (130, 2490.03311476666), (4946, 2489.6204465044125), (630, 2489.309088075371), (1480, 2488.508628914824), (115, 2488.1897638087194), (666, 2487.426390033667)]
Iteration  18  -- accu =  76.79
labeled =  190  unlabeled =  4810
[0.13680278410054497, 0.2575424759098898, 0.2575424759098898, -0.0, -0.0, -0.0, 0.2575424759098898, 0.5, 0.2575424759098898, 0.3602012209808308]
[(2951, 2495.2295379655507), (3043, 2494.875911947717), (4167, 2494.458480855673), (3622, 2493.2149323900044), (2669, 2493.009377671414), (194, 2492.496164076639), (90, 2491.294717594536), (2637, 2490.7680206736927), (202, 2490.2022900582406), (250, 2490.0161603526585)]
Iteration  19  -- accu =  78.52
labeled =  200  unlabeled =  4800
[-0.0, 0.2575424759098898, 0.2575424759098898, 0.13680278410054497, 0.5, 0.13680278410054497, 0.5287712379549449, 0.2575424759098898, 0.5210896782498619, 0.46438561897747244]
[(1231, 2497.6429977707703), (110, 2490.8469526182016), (3833, 2490.386479445963), (37, 2490.151453619382), (2111, 2489.8720026017463), (3274, 2489.3889373556035), (1122, 2487.056291017076), (2268, 2486.994698864733), (2771, 2486.861136433204), (537, 2486.661410690822)]
Iteration  20  -- accu =  81.58999999999999
labeled =  210  unlabeled =  4790
