5679859
4649038
8188464
5021540
2642957
4916384
8930677
7279407
1145966
1317233
2415403
2102115
4535609
7971370
3504141
1443695
4527503
1884576
5574913
6326333
124923
1030136
7658413
5790651
3676571
2632023
2308930
1944529
4733303
7796276
1839647
3245439
5521456
3018112
5519182
2660020
5509431
8743778
9992261
4937624
3460636
7666103
2243853
9104430
4396042
8204962
9389144
1663250
6736353
1296552
5101113
5250346
1340634
2201287
9045036
2946252
9645695
1891587
5554174
3764653
3666517
2050394
2933561
9752563
1957744
5649056
1764636
8693767
6774719
8474404
4364938
3808833
8974228
5979208
2137745
3711864
1271952
5723427
2810693
9232720
4785944
8861596
7102742
1851998
2014640
4140259
3571797
1590088
59584
959357
407892
8904179
5002901
8024009
7831611
5411270
2942562
2346507
526422
445890
5972465
7031295
758786
6492290
7773574
5556457
7229819
5673166
7619097
1419426
4044789
489939
9832794
3455583
2720816
1909238
1186901
4296245
661345
9551044
8028579
1503013
9507943
9172292
46601
237601
6573690
3903335
7069091
269790
6798238
9966199
8155194
3097227
4397642
9325196
7210211
5435661
2544238
7143033
2597927
8003399
3100537
6038021
7267721
8800386
6806692
8490179
6361519
2398884
8541446
4853776
881442
4523495
9753095
5413344
6912639
4609003
9958309
9593538
6871064
8655839
843804
828195
646246
6593490
3979713
8398431
429087
1826724
4742974
3242544
3783864
8055608
8695341
4527649
9553905
3393753
2038953
7168399
6971953
9429219
1750762
911639
1934201
7933752
5091787
226457
1812737
5119592
397565
658652
1836912
7991097
1864812
3731135
7125488
249589
1770755
6483849
9188452
5933389
4644129
5995741
8492340
6778846
7812170
4889002
3936955
8232406
8470499
6291172
6387532
4464164
5060780
3577406
1094702
5355783
805735
8080463
4439993
8876216
6992743
614655
4197688
5064485
2853597
8695148
383669
3840092
4288598
3150661
7045417
9282603
5506494
5410308
6751465
9451152
8054059
8910783
9926545
8358460
8887289
1182844
8931314
3241794
5263089
3748631
2961674
3203824
448684
2453483
6503966
4975277
1776223
9564032
7168974
8719277
4771806
7194265
7109017
6704372
409820
7908819
2673572
6207327
5891209
7333106
9238494
8926679
108939
4474547
2131763
3248731
9487434
8847743
2153566
6633162
8501013
9713688
7385809
9158952
9098846
2419881
8837188
3812422
7418861
3450418
4900689
4837185
5791918
426920
4220335
6991486
3949782
3848703
5272775
5607973
3878993
4828406
5835064
5401802
2222486
8041394
230416
139044
7247744
5883681
5748928
5720221
9092881
3106278
4001708
4308258
5156483
5149782
8719925
8186104
4077857
6872282
2181349
6216301
6182328
2242133
542473
3762916
5810206
5289548
7460737
300686
9523627
3572929
3035999
3584025
2419532
5884082
9497634
7600039
5604352
809931
6052959
57465
9970285
7616336
6376495
4297234
5425196
6041642
3326387
3185040
6739379
6602314
4871418
8094281
1537622
8676820
8083222
8095061
1149862
8473118
3327742
3785974
5229901
4082544
4408428
4596152
106129
1494183
4050358
1389954
2471595
2744702
7454906
4591011
1407539
8391291
7205541
4931981
9221610
9996167
9657010
5236523
3664828
5483312
9750328
4874181
7154857
8280050
5006896
5003171
3268448
1708585
1329206
7554554
4199316
8273054
4043824
5308848
669648
3075863
8106726
1019691
3665875
3731326
618743
2740861
9604672
9534382
4589363
9532260
2419008
6217534
7703175
8868936
7259587
6476881
659446
2947783
6076169
3750232
4708742
9688347
4827941
1792530
8116810
75754
3878284
9099776
1574376
779706
1017768
1046232
6787139
5769055
8964763
6597523
8348413
3514007
7701316
1445187
7592540
8788613
3487184
1950367
5019738
9409790
7732848
3368217
2926557
7956330
475635
7738044
2944160
4597023
5707151
2331691
5107100
2180045
161581
4389486
6036285
1088986
8033715
610982
1356472
1679574
8424364
9085478
1211107
3171368
3812373
1299123
9210533
6311793
6196982
7785116
907745
2701930
4258939
2745693
3904567
4158635
2333285
4450195
549080
585411
4183590
803653
6933784
2275683
8986005
1055036
1534162
7062577
3705636
912422
3286388
3687779
2960598
5681913
5334002
3501147
3089890
8349128
4232157
3597897
3646721
2535131
6524933
4280237
7065885
2892349
6583108
1187942
6419456
8314743
1093173
9040835
9789394
9601790
7232499
1370637
9017172
631435
1073202
4826165
2474776
4370018
4253314
8043885
7141440
9935601
7701091
8116746
8024767
5154967
4598250
9862144
3088631
5744708
5576377
9288809
767393
4671778
4908543
6809194
8372438
2548935
7994673
4525904
5574089
540086
8732094
278425
7700669
9665573
19641
4852851
1268298
3970960
9572636
9030979
7377492
1645529
4193235
6171972
2247354
2103832
2297993
8035424
1941521
5443997
9671128
2365115
8890995
2648391
3993457
8999519
4139448
6398020
9825799
7734202
6266131
2644292
5565118
1569611
3812269
6057318
9561256
2242709
4761236
3577139
6446387
8169585
4210948
6841654
7957061
4894900
8905411
671091
3189963
6995452
138109
8322423
4873856
1308427
642169
40912
7060846
4660937
648285
3119271
9360560
1408526
6826263
809035
2093414
8915967
9232183
9581692
7363414
3258986
3879475
7385494
6157516
5040073
8306743
2717809
7214321
8821953
7845145
6049355
2773353
9642201
6594410
9852384
8766955
5677899
3989804
5899167
6879131
2091625
8147801
2366385
5879707
6587273
2464277
4412780
1635886
7363499
4001457
3320958
1312841
7857569
3154525
5247953
8042350
3425521
3730603
5725566
8531651
437632
3956478
4933377
5299901
4175260
1348538
1020164
2920631
7539604
9917991
776244
6526446
4200930
5651889
3729222
5289478
6987734
5993572
3421648
8388614
2998612
7571657
7508508
2379070
9754348
7229784
4400686
852621
8109616
2476375
836135
8558024
6410354
3110592
7042562
1590900
8631226
9085089
3513443
7246969
7344216
7251271
1117198
406927
4070630
8207672
9314542
9307218
9434869
7881706
8019802
6899442
8859274
4096542
589004
8633049
8864627
3439498
34802
907207
4856603
9540642
8149623
8395578
6846811
1682308
3332627
6563570
2005561
3822036
594402
5395860
459177
9391013
7601060
4512179
1663380
3227740
2064993
5254560
8014222
4910272
5841998
1347874
4907368
3487030
6438780
1232158
2701432
338830
3899528
1031385
61349
96951
1391246
785523
942049
1059936
4413499
7989501
6696230
589270
5597425
1110872
890179
6645800
6742242
9527656
8836457
7660607
569099
6608266
9699642
6002651
1487884
344344
6613373
355860
3751017
3102007
8530384
2072066
5717249
225497
8638496
4690316
8679612
5536980
2192537
9660979
6855420
9665496
5103847
5430199
5873549
9385299
431532
1458115
1904649
671887
9620216
566451
4368073
6563857
5913014
9034297
1979761
5003197
6624876
6369975
1817864
3735607
6186970
2341383
5277822
2644168
6147240
771593
3522773
5206846
3957482
9517673
9637244
9554028
3098928
1310368
9104240
1933
7475360
1752970
9704662
8634449
9147481
7866256
5601189
1520839
456512
4010639
1884192
2144662
1995733
6621616
3346482
4793905
2058619
3961865
3485469
5768636
7261718
2725121
8319539
8813136
1546404
4027098
7062374
9547392
7225291
1658442
5385670
1519536
3701159
5273005
7718300
5124931
6386200
5530989
7002771
8183901
8116294
5051141
908227
77297
8854261
3366280
1781993
1421534
4786000
4816100
4110934
6784156
1365207
8620827
2154094
666017
7063584
8654603
8105843
5816185
821090
5201239
5722530
1881993
9902307
4317015
2948039
6440690
492142
4701320
2539199
202430
4219723
111121
3768050
5048616
9768658
2022766
341171
2214376
6834735
2221877
536406
8826018
4980360
5924279
6673402
1577571
8710181
2777383
5570296
7311552
3834235
8431156
5767422
9164321
6394089
961405
3443657
6434573
4295108
9773834
8745761
7259249
1243893
8714962
4683241
3024499
2320266
9584641
7829607
1242982
5804646
2703983
2919618
8286663
7843506
2034123
12724
6628332
9717351
3267841
1641315
7790863
3097749
5926844
8217259
8464285
3632801
1628541
3700195
3801523
2411179
6173660
7494590
4940487
9717514
8987847
8881224
3055597
3559543
9271300
6959022
6472641
6953505
9128839
5290017
2489046
8075424
7932106
5179251
479914
3974062
9107947
1206328
7306218
3797199
9405009
7790399
9828862
2638003
4285616
3071938
3032626
1731400
9846314
4233832
7608603
1155814
8714296
7880813
5039145
8424114
1261564
1985394
6560172
9359011
2815044
3770588
9424091
2615149
3269991
7799026
5296789
7239854
3826605
8983558
711739
2803864
3466225
1975839
6388100
7209205
1178470
2917524
9986321
8193316
8183824
6772512
8434028
4601558
9543998
8823256
2535606
1257491
9969740
4598079
6399588
7658426
3946033
9632715
8412480
8946711
7875421
7129999
3822339
8618789
2439749
2515059
6721363
7931920
7483469
9048076
1751787
5132954
8273488
3979261
8543435
6135818
7334496
62488
7906491
8736382
196244
5264627
260629
2657121
5068385
8310993
6325147
7315998
603551
1606193
2526932
6102914
3321323
8292679
2858888
585634
1111677
7668871
4213220
5051714
9942643
7377324
4493357
9978413
5613341
1541683
7886478
9558382
1174536
6187813
4477162
8546884
421576
4844549
4926323
1780578
284667
9592747
4241704
838175
206285
5581776
1009035
9493395
7296089
8216729
161001
6857775
8341122
1277064
6184667
6880633
7084716
8874842
7172499
7721226
1060590
2825393
8651632
6384503
4675246
5909206
2007639
1518658
8913213
2116863
3845981
2556681
1006017
2530296
6065791
8280398
9522906
742185
8144958
2043447
4448277
6345427
1550427
9234080
7974248
7426574
7084155
7535146
7914453
5432051
1676161
9522834
5683060
7911480
6719759
3851156
9009025
9516588
63756
1284588
3225500
6758675
8929138
4363484
9950836
4210251
3174411
6041180
868576
3822425
4959414
8323523
840789
5941401
5788510
5396184
7456725
8803339
2044737
2623679
2337046
4447885
163016
9891670
472009
108672
8143246
3938617
8476702
3292394
5618316
9374000
3816351
2600630
3555626
903595
4239221
4637615
8566550
2093897
5487898
2175156
4985709
3054035
2907008
2990405
2993141
8523098
6306506
6531752
6664351
7628269
4214068
9773317
1033652
5637506
8858296
8003195
6800164
7237242
6407595
886504
1287535
8444459
2054407
3607444
1379491
5659729
2755532
4143052
2360401
438444
7829330
2750695
1713975
763031
8724987
711489
6742812
2140663
4960108
2721844
6380689
9250855
8302844
9740137
7038391
7965409
2770068
8451612
4922976
6197063
1140840
5374183
1451366
2524843
8382926
6146612
1030550
2190770
7082888
9403827
1749571
5251629
9165634
1712902
2728431
6805806
4058576
7680404
8392430
4657326
8909777
2905120
6176008
2316604
5114077
5859323
3813068
778199
1935644
6150190
6018297
2603296
2138669
5900694
4409270
2406614
8952059
5385999
1320080
4893179
5039122
9173021
9852666
1686130
8549688
2394022
404996
2559912
5078750
7035498
683411
8253585
4547807
2469057
8461385
5172002
8162285
5027527
2632580
5924958
9727268
2018357
9134148
7246595
179349
7523181
7062819
3017085
9714417
9696994
7572400
5708641
5276397
7309633
9397547
6391299
6975548
2903870
5173210
4533508
3248322
6041576
3570191
5052533
9466558
7328926
3730427
376651
8837189
7484918
1040963
5882101
8687740
8107451
2995397
4965720
5360384
8446928
8606399
4865221
5196328
312315
9140989
13480
3477190
3772091
5863692
4930190
5778768
6581845
3760962
4794106
8485468
7269139
871497
1927882
1498695
2273944
2100440
7945009
886603
6371149
3375320
7464271
5933317
9452022
6601449
4602873
7304394
1321801
5411782
1924118
1252406
5626575
6001591
1389781
9069158
8052435
403932
7433472
1422538
5480533
879502
7102941
4063158
7069169
7327940
2558803
7387911
8986392
6713558
9428281
7500025
4951462
336553
813001
1240320
9818244
6682224
6473261
6003606
8097001
9988043
4474655
7127882
3667669
4575992
5967161
6375538
1166256
2845553
3510673
6858096
6331404
68709
3156256
6079493
7612461
7427164
1407714
2200637
2715526
7871640
1402881
6465763
4257070
1286253
344546
8779957
336624
1897992
1761390
6626832
3434849
4920564
9539344
651349
7725378
8758089
7077228
7543023
3324106
6187119
6584099
3818457
5815278
145357
2636097
3051007
7613207
2258587
9708146
3110101
7823371
7818017
7127338
5172528
9300038
4491586
229288
2613049
5565846
8547365
6795435
4237966
3844583
3734482
425667
5014122
3610388
4151717
458227
914489
3340235
8766288
4282272
8620269
9956885
2455753
2291029
4927521
6391246
211580
3568507
5947618
5028768
3756342
8813215
2248254
3453405
7229886
7422703
186779
9782761
8231834
6234377
8308401
1854176
9323294
4446993
3878352
7488675
2071443
3840011
3967377
4908128
1707813
8127978
1984547
9079526
1497484
9495211
5582301
6594578
6282635
1800957
1762417
9661578
348687
5911401
9043653
9496809
6862059
5300121
7064234
6069627
7978823
4671930
2223462
4632014
4098770
3600476
2728466
5396386
2472810
4085276
2633902
3001904
3842133
6070799
1191495
2555971
1737776
2313490
2773952
9447746
1673960
5400181
6538447
2838567
3007224
8588430
1142001
1614825
9962322
6080379
3331612
2838419
8264228
8513731
6031441
8229880
5405290
929641
2833155
9802580
3142274
8484305
8938989
5469407
790859
8566989
9922074
4125153
1952606
2473623
3163312
2558427
8367788
9051582
8555943
9941272
7485552
6363127
6532559
4782209
1284566
8084335
1065022
455856
3198958
7697546
1272700
6291049
1800447
5808598
4362216
4059144
1997028
7461863
7299129
505405
1851396
8044584
1322422
811394
7406894
7292167
4155045
2642905
6675402
1075947
3153306
1291219
9611074
6426448
5189464
6168563
2540642
3015365
4926315
8866609
9975642
3701288
3441474
5890707
1973586
552612
4431045
4048165
7913200
3398360
8271824
8826197
7478671
120288
5796870
9312963
9596604
4174377
4489075
4415140
6901934
39598
8803603
5783753
7582236
4875332
6264601
3479880
5830239
4894449
2126828
4798750
3716068
9536298
1085567
1678458
1949679
9556088
6953329
4864795
9249976
6245330
7724496
821576
6161288
5606222
9429840
6298177
6866058
1656218
7242507
9889655
514492
1746233
1339199
9105424
2993519
756846
548473
3176169
3996361
8593700
3831987
5367800
7664687
335118
7623743
6238760
6388643
365854
4925835
755530
9216153
3144643
6233850
3026864
7978595
9360219
9372194
2125156
4502551
5820175
353637
444447
6272798
395677
9010339
2631429
7358845
5957400
6799636
8987807
7006129
6080542
9079285
3217965
9750115
6473895
6887056
1560877
1268751
8332781
2906969
1298200
5608605
4157629
2517356
5968575
6500120
4042159
3920651
9255786
7793132
3737621
3962900
6335271
3470731
9029512
1628162
4832829
5009850
7239802
1636278
1536231
4073849
6577246
5465454
9713562
907113
9880517
1407357
941438
2041388
1163353
4983902
1000422
9331081
2955790
381425
6741993
7846876
2411765
8892185
330350
5928419
2421262
2044022
976421
4477058
7536551
4619941
9499574
7009534
478597
5419794
8810461
7007124
1629753
4497039
881227
2467265
7568511
5297102
1817548
5138866
7144653
237329
1838912
2483876
4374811
6366327
8013745
3947796
6099757
8014685
2364517
392136
1882716
5399695
4781420
5573443
3099959
7481844
5760446
7609913
8907659
6626064
9229910
2768014
4807091
1796868
720689
9650157
5387659
1070601
6146843
3022186
6755589
1026177
2896751
6326146
4517245
7718117
6537669
4112059
1657494
1663495
1071961
8003465
6757128
9498958
1503454
1272224
257165
5699137
1234623
9986590
9244514
1817975
5322989
614187
3580185
6945975
3152947
9949681
3446516
8168422
9992737
6755435
6748777
9616271
2566470
5369718
6830715
563111
5952994
3753378
1596483
823506
9577931
9652815
6150343
7557859
5504973
8800914
8110159
3847855
3192792
291571
4706643
1423256
6314057
6003343
4960437
9608140
5659656
315699
1426790
531897
8314362
543662
2963194
3971954
9251448
5047880
5714066
5943742
7995631
1681567
7052440
5955246
4774820
8014691
6245767
1670446
1485543
3156016
8036710
906878
8199408
4196386
7648808
8716971
7918502
2523093
7207726
3753477
2402249
3620825
3717508
4548034
6555235
2066550
3344036
5372512
84347
3651677
4076412
7693343
6089944
980236
8328022
1469381
5010284
8358641
563879
5599960
5018188
8503151
3975076
960985
1823516
7934748
1198888
7420460
4261736
39418
9225494
5214694
789562
5070203
6657212
1386891
2464382
9996239
677329
9237103
2926411
2030343
2573860
7018706
7719997
7872003
7487061
2015838
8375670
2172994
6320940
2023683
9498011
6354731
9987762
6175193
7127521
4115774
8092337
222987
8960130
4272569
5185365
3375232
722885
1530248
7209457
1988508
2935305
6302884
5036818
5464113
8192602
5717703
3364828
495358
4515162
8379912
3827402
7699314
2200694
8530365
1656713
8803395
2651976
2751699
1755757
9788114
9321893
4990600
7728799
53686
1917390
8771481
5881821
6885397
1544723
8978599
7221599
2482720
6619238
9953912
6943824
4479131
6711148
5305209
8812211
9371679
5336839
9721472
6531323
594574
7358302
9989909
107029
6302266
4842952
7351220
4776613
5400653
1314459
6978534
7395363
1003012
3422480
9305622
8941745
4546131
3712195
5577914
1843801
7722391
1696207
9125545
5566169
9630456
1698420
372640
6580706
928458
9585293
1601024
1819120
852967
2104857
7259810
6701182
550856
6751879
6981214
5112865
3915688
1402198
9970227
9285160
7409817
3644810
4395654
5773829
6098882
4725548
2117069
421883
4602143
5076871
7098694
4032284
7705870
8640784
8183694
5099958
9993838
4533782
2903520
962833
4337144
7586944
8431960
1571317
7869008
4210757
4939988
7388167
1404925
6888888
4499102
2017907
4570036
7191251
3728023
4429563
6743518
5955088
9062212
7875003
2457555
3744820
429596
8500432
1482812
8399958
8216
2276084
4561145
2390903
1503769
7087770
4717677
1089681
1853196
5933858
4282599
5207264
5434402
4065247
4573192
5644062
9253930
8660106
116755
7297449
9575311
7294757
7684403
3379242
2506350
5700949
2635737
7407974
2406916
8889635
8523542
7367621
9922028
771744
4853649
7330402
8572413
6687440
7281987
4315621
2519808
9567820
4191146
6000841
8358665
7299296
2063090
4067259
6308014
1093140
4267849
3229936
3675451
1200131
737926
3561248
7817350
7171148
3833864
2326389
4030985
9633017
35315
8846600
4229193
5006610
9096315
8253048
714686
336107
5021426
9107610
7650660
7157161
3961246
2865179
6061435
2840981
4863397
9537560
3383537
271299
1211977
929109
5683151
1407717
2863089
5467864
8839925
7017649
8288562
7569165
3223777
3892399
5842190
4192413
8296403
448118
771721
3730256
7587900
8284219
4326836
6381932
1694523
5966727
5698174
258973
4529374
6848822
9976248
9096273
1783909
1399177
6321411
8283235
9357417
9484261
4061732
8827611
4488223
5837776
2314282
8977028
9626418
332744
4874026
2433244
6458021
4581122
8672599
6720997
9806515
2614456
7014856
8004094
7591680
8259150
2594553
4205728
2291654
634979
5528171
113050
9530782
8116226
8788543
7959841
5714247
3067561
9345319
6473586
7610367
8618637
2844951
9410747
434452
8056589
5524022
9123663
1902617
4077855
4179289
1157830
3832918
573104
8237297
1786310
5444830
4210081
9249140
9761569
4721643
4017912
1374895
3075961
293937
3993230
298641
2559046
6523722
8889879
9218002
411161
2572247
7091508
7930345
4195954
2691208
2982171
2095586
1006134
1183725
1005415
3108524
1612153
3277911
7319534
1738973
4644070
4442494
2910365
9447951
2386503
5099004
854076
7177031
7575908
2054028
3039095
9239882
5413944
4234930
8853208
9077799
5761983
4803888
5174857
4091586
6265452
6234711
2421116
8258275
687492
5929822
1619348
480548
7506543
9604102
6889573
1539957
2725272
3637470
2377282
1145443
1236745
6146165
9820185
7181550
8675744
1607841
9811682
2533486
3937520
7591813
2716317
5361665
2510933
9506879
4916910
1386535
3947127
3689100
7749277
5374021
4364948
8094891
931916
377869
4740614
203103
4704263
9784531
7459269
5735808
7859113
9848558
7985297
9212212
1194813
1039908
7205136
6063452
4794936
8677761
2631120
125152
4067026
9134514
7288134
5189472
6816578
337241
5634175
7783
2153283
3476331
2250597
8762365
3434863
1904480
4625288
4849474
1143283
9192989
61738
3151103
966696
8287850
3550981
5796539
6358194
7180339
9720868
332544
8317854
8965518
6787096
4849926
9367549
8082886
3900050
2310586
8930577
5287873
7283748
2778377
9687033
3676621
7903961
4332883
9442193
9050460
335727
6317990
3758566
6388545
8580222
1626048
1012700
2057709
7074357
8954280
9056374
1625434
3569297
4786084
1665482
8884514
7380755
8292045
7579478
2316991
5529316
5947983
1610017
1586704
9628414
2379586
5695668
7190019
5893201
7746145
4479468
2656164
1331590
74276
2382282
4293301
6688837
904480
6367062
9624743
3640546
3581450
9121679
9244880
7349219
7491756
3826008
7202095
2540182
2794635
886318
5913836
5755737
6246307
4458360
6778653
427645
868078
8787469
7905049
7057642
397303
9276755
9307767
3536849
690316
7189100
2733525
6705192
1195160
9016125
9664784
5606470
5154222
3656235
5777127
1499853
7512213
8707240
6254955
9052494
9931050
1510236
4341798
8222902
2208292
7256510
5674256
6085481
8734690
6301478
2089791
490649
3345331
2720126
7930725
8600521
8654596
6253707
5472720
6663169
180115
4479561
3904589
4759639
5621131
144831
2790084
5330994
3691224
5121866
3890699
3372283
3991736
3932098
9648722
697650
6368852
4666291
3257715
7851324
9128560
4640187
6090876
360136
2372875
1425205
3423881
7260743
8778065
8007926
4995013
612574
9625593
4897631
6263210
5367188
1382618
2548079
5033971
9717383
3132509
7919710
2570275
5032301
8887751
7599215
7856060
637046
863077
6369159
9336756
1152834
9884147
583291
993326
7838307
9023760
3849770
958600
6936662
760625
9195895
1775251
8310744
6377505
4408138
3130548
2116238
2928406
6210163
7374297
1373775
7051509
2366363
5075789
8597658
5904683
663869
6938842
3138512
9026876
1232717
3825585
7306224
9768588
3979901
985206
4919862
5194243
3671457
8993115
8247560
8118330
5750437
5901975
3059780
7038328
2738786
2514752
2360022
7301007
9223698
8631795
8520392
1977505
9089413
1910352
6864588
596804
429189
780767
9206720
3954441
4626269
6229337
4914980
8962119
3420847
1360091
2209319
9129394
1796425
457153
437084
6794587
1548784
4619962
8526959
6683373
7372037
6935238
6618969
7955458
6503301
999947
2532837
8779311
1445737
7975624
540165
3616032
6306668
9200898
6779563
8919822
6033300
9891305
879993
1150761
449791
9541602
59454
3382247
101866
9215031
9801864
4424164
953675
7027171
7956418
8252380
4619363
6290488
4878955
786359
2178402
6474844
3741966
2828400
4065355
9191953
4638246
5882856
7423516
8970156
8510538
7637610
3967186
1392261
5506358
6918938
9390110
1381275
8724588
4428909
4797083
3430775
2832057
3536948
4345138
382589
7532791
4942048
2435497
2207081
5723684
8245132
8718238
7858411
9313865
4206092
6217517
8672644
7594613
9974451
8629658
7126717
7626585
5772452
9726006
3007574
6651590
2550205
867732
4433369
5012977
4800013
5349015
4512975
7587888
7276577
1016851
1793315
6351196
7020976
6854158
7374540
8253744
9545794
1269178
5829956
1179297
1817716
7974514
9362504
5820537
7478298
3676540
6963137
8677848
8438600
282545
395777
6398079
7104877
3162337
9002212
9387990
5956194
5743076
3322187
1383793
62864
8079586
1520559
7457857
4109176
3773113
3733155
165780
8456505
9486896
4930542
1458050
9118306
5354663
4598223
634512
21673
3800293
2759385
900870
1409391
3560347
7133794
9382766
8248994
9958976
6432383
6887501
2006089
1714387
3333912
3814347
2074965
3682314
4233425
4285395
1155035
4881157
2071751
7701684
4847165
1692430
7805422
1003843
7643210
6646706
3588460
4047914
3965590
2070888
6323035
6410747
4142724
5590749
5607107
1762433
3277418
587976
6240137
8584283
8431765
8643830
5771702
3823810
1671376
5940496
391757
3217532
2680350
9979136
842925
7591751
513438
7373101
7033223
5737594
1107236
7042500
73232
7883384
8355496
319561
1766032
8411396
6489959
7800912
3796791
694732
5801637
3750401
3911655
6173753
9957453
9944338
3525481
2440252
6392185
7116715
1536659
472355
5345250
8965835
9842236
7574728
3189759
8705728
405473
6928712
9252499
7334058
2813532
4680246
9891553
6341840
4088010
8576810
8647041
4493364
9861187
3306191
1912471
2792918
8354507
2150169
6126308
1470595
9025717
5399043
9458280
1310646
6297692
8602537
5014738
2302614
5249568
7554018
2474980
1972288
4442640
5443415
6974966
7007579
55321
5415281
9722041
5066164
2860375
3103192
3556885
9893966
8998105
7973252
5288880
8801758
8433978
8730045
2317036
2037182
1368556
7141495
1835854
5560348
9898283
1274887
6916206
7667735
2258417
136616
5062546
4171871
8029951
9288932
2953079
6217024
8758153
9419998
2273363
575208
3525007
5239519
7164569
2964847
7267852
6736220
277607
8299935
440317
9985576
763045
4042742
9590409
3716033
2507636
1352599
5009472
3234288
5719017
9038268
2100967
4982566
9226844
4549785
5440550
4737784
6207140
149699
5993056
6040295
1885777
9054709
3871582
2303495
5325834
5611901
5505202
3509113
9341090
2477878
258745
7779543
6655248
5401955
1173867
7279987
6366296
1262879
6197098
5480949
3072127
3666300
3837269
5821695
7367924
3946267
6595672
3063162
2693040
4189965
2390281
5010878
9537695
2545391
2099523
3267605
2322389
860245
595291
2478006
2454303
6079460
2966915
7131059
5812762
8286067
6229633
4018634
4591593
4584015
3717378
8258237
4294807
7334429
9045615
9198014
2833037
6474849
5559321
7408585
8909255
7221236
9202039
4563682
1364386
2733980
7114460
8091478
1304075
5573845
8340347
9376528
8628380
8083906
4629549
1508739
6737639
5586113
7159404
6562960
9471257
6335803
5510627
8086479
9539816
3912140
7948303
6181178
5058713
2671637
1907510
5077701
2628307
2095416
7329802
6033248
4622688
5083268
954178
3504881
1290704
3712490
3865118
6791622
5831639
4663426
6070059
4728371
4302733
2301032
9849444
6779718
3222760
7925432
4586276
9440636
9964197
7382273
8607682
2701052
3757439
7148736
1694398
5055613
4985918
35263
2195042
2839565
7971445
1173598
913755
7007621
6349295
7839929
6886723
4948951
4610624
3441941
2423553
3386249
9166055
1286799
312287
6424866
2900693
6001009
456922
9509981
6085987
6513501
2855457
3131832
8477945
1031768
6111127
1948463
9614047
4853804
7244221
8537947
8914533
3971118
4487967
3664509
3035833
2887642
2482220
5997266
1739182
8421125
9842244
6318642
164323
5652601
3055941
9264726
6772957
4126408
5145413
9023425
8463
1594045
2192088
6972490
2546516
4335794
756626
5422749
5275077
8210367
9435518
5470784
818121
2937370
2716177
5962233
3438489
4341369
3932971
7270912
8609251
3972566
7975051
8516537
2272864
8678547
4534019
858056
3778470
1864297
1458753
5397822
2620516
8863078
345556
1235607
9531825
8456994
9787346
3527638
3607333
3860290
3459665
6884039
3385553
5453005
8454274
1971383
8438335
9903748
5014597
2710295
7843062
8331333
3677611
3384528
5624427
4357735
8011422
5473515
1346518
7724915
8903294
9271630
7128252
9158493
2485130
919264
3415841
208599
6779585
7033469
5021161
3090952
6197635
8481961
2172177
3749801
9862589
3541801
3321466
5794974
8667184
9594246
4060506
3268756
3004963
7955860
2790485
3091327
1507969
3641845
1267717
8990193
5814204
9545890
1286309
9101774
6104335
872688
3129217
4813534
8633377
78358
9041071
3277642
8120186
9474306
5376453
4180608
5156203
7795985
5019615
8969028
3113538
5434442
3328834
6974384
9483421
8017349
4116613
3376373
5667965
4861713
3253870
5455334
2844776
5797727
9579153
7528309
1493980
5317803
9030202
7212499
7096040
8970708
9833415
975858
8927178
8004872
2478527
1654503
8800187
5576271
7614783
2525523
4141075
8714514
9173744
768473
1189603
4680072
2925761
1953548
4711475
347105
8433971
9030380
663074
2579852
181842
3570488
7058012
305901
5009602
4657352
1569876
5128520
3357545
4031467
8761243
8387930
1728634
17049
8557900
8547234
2048205
3207008
9114190
8190039
7233988
626681
1574058
5014353
9702136
6765111
9041557
137505
2951005
278581
5898079
1088897
8735038
5442776
1426898
600700
6587340
3438063
2927404
487121
353555
3667147
9619629
9779307
1923051
4898639
9088037
3587817
3129403
8014504
53414
6769383
3957294
4680630
3545325
6673772
1114498
7576088
3020697
3259028
6843124
9848784
464012
9500267
5018473
7512513
6475523
9812077
5921807
2828592
8694707
6889052
855024
9805132
2414181
9054311
645992
7684253
109796
5265607
705849
9594752
9185190
4602946
6257132
6469155
8882162
1111232
3847396
3336300
8786833
5411988
8610888
8018451
3193277
1122763
4954377
890126
8748988
8285308
8463297
5873768
1914489
3948810
8905702
4156151
1776826
5978530
1375853
4007760
7958680
3127281
8202606
350993
1007785
3888366
5349932
3722146
3892764
4534160
7654878
4074559
247272
8974127
7734986
180151
3357552
2175134
9013913
9768842
8091736
2646017
8479326
998771
8519045
8752508
1640778
2152648
8191257
2684962
9366614
8914007
7935559
339353
3969297
4076550
3614777
694619
265019
2972688
681463
4107663
5338265
5242631
1045321
6539066
6356501
8879182
6650183
5626185
6496269
7086415
1257422
1343738
9280251
6358162
4027471
5541616
1293509
804015
5002778
2411206
7616829
5898567
7220262
854264
3496026
1224865
9824591
9059449
3142341
6790817
6094093
7179558
6459519
7609735
9122488
3996568
3416382
9052941
2854236
375222
6969636
4214801
9241409
8775689
4661198
1478343
1571372
3405212
4119696
6497674
207305
8628296
8811814
3803250
4623934
9454896
9790058
801458
2723709
6704024
9539469
389351
5492454
3855427
6893579
2386138
5379412
4173104
4672993
4768277
4844146
7195666
4166467
5807269
6279672
2309061
3445557
2933412
4177132
3979907
1490982
9052589
7307020
5481940
3293882
7724061
7289923
6931025
6994290
8924698
4825716
3296085
5637048
8277518
6130301
759025
8379327
2056525
515748
4446219
7518181
3667621
340360
5409391
3891892
6868298
8888985
7624505
2869858
4788660
2375852
9806351
4048363
6258473
2505745
9844205
375336
6038423
5307908
3604035
3568714
3088840
7423836
9468943
3094122
7700183
598912
4658745
4723088
5682683
9345112
3288546
3317021
2267207
5873032
1655381
5464283
8121818
3625201
9310252
2850370
4979955
9580983
5226179
5663691
2808009
4561374
3343239
6185402
4966943
8374463
1087996
4228924
4795248
9920301
2372335
682848
8429344
1560652
270093
1256471
4035911
3980956
3118747
7448757
3248496
5500286
721047
5528303
1351652
7442726
1753942
6864087
1033410
3031296
4878020
2121815
8887116
1834648
4124417
5304678
974857
8550589
2230189
8340244
6011403
3817816
5233989
4350963
7737820
9455997
9747375
7546240
3693596
151622
6639517
7146099
8366121
978833
2570948
6966232
1424041
3662975
1959015
9638779
6814201
187082
9031470
7391003
3769334
2190227
4005989
8760590
6870865
6311064
5909098
2594884
3511296
5759682
8260298
4242079
9000166
456872
9478243
4594441
1791114
9316408
2214420
6065023
2971056
6829765
5349480
5384992
9933434
6589109
4868064
5277151
3197984
9563532
966819
7941331
8931130
6391397
3284500
7109110
8017060
991711
7071867
6130004
7835606
7878199
1822265
2823060
6762081
8016751
7525085
8300868
4368795
3032005
6002147
974632
7359686
3443671
177917
4385461
2094253
4072389
3576128
1473696
653064
3384432
8525014
4692292
6362646
6429761
8356180
7227973
6810101
2249892
5764853
7550272
7577281
3154876
4260059
5649858
5465447
6064672
4389933
9898287
8191820
2839077
1437598
6420551
6176812
240350
3455257
3942438
9498468
2439194
3642343
9974160
1154690
6079277
3380235
9487639
8043783
2010826
1458330
5477243
460605
287247
9540672
234409
9785335
3866643
7052188
1377263
9932423
8818536
7395974
8429528
2638908
2439210
2294621
8364352
2821043
6149463
9046739
4965396
6207528
2969083
385451
8940259
9100512
6204495
7165797
3011720
1627082
5823394
6521038
840321
8008818
6128987
3123615
4064300
880309
6623061
7232458
4978288
1398570
944897
2856323
9595547
8582292
8323551
4917759
6779087
860101
7292423
378608
5979610
3915655
263012
8973259
7832439
3032598
6873561
802230
1277140
8720140
7125220
9716283
9247645
6607586
4763529
7852182
7815238
612445
9719565
5386600
3266254
480331
2152055
1284052
5980784
2476362
5564146
6867597
4962433
4297459
1329066
9330752
6353881
6400830
9872963
8666339
6846365
7177603
7021166
7822017
5762661
3197104
1957565
1255801
3649429
2673325
9321874
2674469
6503325
3328938
4631276
4719934
5946994
8412052
7271882
6491692
1352140
7290744
4020568
2463475
7500455
1251353
2131310
7320042
2222496
8274099
9205982
2566636
1648693
7201345
2711847
6637465
4339790
2541159
2184829
1858466
5916309
6126716
5408547
1808470
2172353
8710905
3980181
3046995
5546608
4179264
8893885
8707471
5610197
7496581
2318093
7119421
587368
4479916
3070534
8851153
3880012
775610
402905
7306061
4996390
8929960
3468370
3746855
2706791
9906931
7025967
7482521
237458
638648
2189676
5296544
9391708
9906147
4765264
7737488
3930101
5196660
114928
9572843
2399209
7456916
4172602
2252095
4634400
1098335
7811185
8532674
252839
8351169
6619200
8361828
9132435
8479401
3425960
5830767
191540
2222300
5570375
2115573
589927
9209081
6873287
7556350
5930062
3599232
1425450
509250
4884818
2235764
1287140
880477
4103316
3455473
7567301
1224773
2314207
2183180
5651437
9040766
2300853
2192028
7186066
3653765
3254804
2474706
9777122
3979796
834764
5106505
3901931
5228409
4950485
1513455
7328036
8384054
8677970
9736020
7018727
2764740
8067615
3018769
3746926
9043916
1340033
1037469
6424946
9154502
8762020
6553287
3398780
8122861
5204366
3739697
9005709
2592258
1554852
8651175
3601646
3848886
4115382
6789327
8686695
7254927
2482416
7253147
4819396
6419934
2365542
3644314
2691156
5111008
3583667
4286254
1609753
4536080
8093066
7428458
5275066
7858762
17261
4677478
774033
6292124
3020603
4946574
9206313
4329357
2033828
24662
8124799
6099854
5763911
2419524
7300639
8688756
8170661
285020
7531974
5387263
5308107
3380779
3688560
1624008
3959520
8409564
7809068
821068
3346268
4180400
891329
3988688
5820752
787713
9515881
6591370
9074996
4605495
791078
4576725
3076963
7531235
2339243
4714130
1439635
9603748
3531913
4676620
8198563
5999989
3326910
8709144
1660615
2155003
4644725
4948894
1760405
3072894
7250953
3737121
8415794
7271048
3497891
5561849
7258024
5337407
4658359
298138
2119298
178856
3118930
9766964
5959725
4656814
6510116
6622994
9960820
1700191
6809231
689675
5948303
7785643
5414173
9089824
5515076
1069683
9696581
5801303
1798270
5745084
1157812
6045537
5119784
5984574
7989777
9786068
7494619
4041346
9486384
4585391
1548389
7725138
8591448
2736730
7911385
8069542
9251092
1692614
9571200
435623
7817150
353407
7660717
7590301
1194945
4934298
3128331
2125398
6019708
7056404
796629
3259887
5729157
1795320
8373196
415025
1961273
9956126
5276057
52200
3818376
6401208
606405
5259526
517622
3924672
5690771
2224131
1755213
9195096
4180342
5527863
6135009
4706045
8102714
6659384
8440264
9307934
623024
8158711
755213
9725405
5103334
3674751
1805048
7770324
661833
8861192
2266807
8822507
69823
1826296
6649299
1713715
7707448
7718810
2634256
5387089
6718236
2059965
7327617
4426108
5299922
9872866
185787
6313175
4494531
6215601
2860980
3390483
6679822
9639134
9651618
866788
3762352
6242458
6265952
5962194
524316
3261774
8410299
7575206
6835264
131691
7361867
2877784
897700
7045282
5102310
4912373
4149133
4781840
4447024
8023555
7791707
4402627
9212673
1927775
1522161
7713201
413443
7853317
990908
8522986
5590375
2902842
4870600
7808043
6558648
9840688
8899190
192914
4682980
1089272
9413043
2421724
1093598
6587085
7487405
462898
642187
7059500
6307123
4974889
661784
3102187
8104119
2302268
4763943
1719105
6716346
7166346
7752769
272504
7797037
5592455
3456215
7934956
4662307
8478758
5849324
2449590
5686237
4491198
2452167
581675
60173
2174788
6743485
157896
625074
9404128
1752454
7773022
2301387
6296235
2270920
2774768
2399789
1958532
904089
3285699
9423225
4163414
7424130
7395868
7429152
6458946
9987319
6462922
6658893
9037814
6515105
274841
5801120
9147871
9108425
7493084
2698909
1822062
8800382
8643431
7001758
8330919
3859973
259256
4507411
1357807
1113318
339915
7114758
8781138
3324201
650980
5448829
8074029
5781651
1460840
7946708
3914035
2129176
9504170
9438114
1049308
9494139
7240760
7493013
4301725
2232164
3218941
8901011
5846327
9612087
5806307
672199
4587584
2335083
2248557
2839945
7231085
9785530
9148869
7922392
1934131
892125
1882486
583453
8820135
9878178
3428113
5504996
6582324
6081740
35956
929005
9221362
8262213
6030767
6283184
2669969
6216422
4397405
5733210
8407755
1701884
5503571
1295052
5847235
2627349
7309203
9913067
9401009
9591909
9896115
964516
5389057
6338456
236889
4051806
1124553
8758447
1251577
9301078
2308839
982904
9948628
6930795
3134331
7605900
5274901
1813258
7484114
8086335
6724401
1794314
4707455
7802209
6153837
935338
6213189
8062757
1253899
9444848
6854363
3797399
5286890
5296398
4081299
9077532
2781167
1300249
1394528
6788226
880540
4903796
284322
85489
8034482
2365790
1146405
3295225
2377514
3056677
1572808
8007698
9814314
3182379
5183592
8676691
8761937
9972426
5199190
5682123
1306695
5131508
9148882
1256363
5898800
5142055
2394568
940227
6284380
8975382
9127574
5192247
3083587
8679688
197767
3438681
1675197
829747
4811567
575832
8512402
1218270
8023953
379871
1192655
2753753
7412428
2331542
9846385
1707037
6640652
700463
4113359
7280102
7284065
9600657
960423
4287114
3733561
604953
516687
1494113
5581435
8857892
1168369
1962387
714981
9226029
7434579
5889178
5054323
2874642
8209513
9685906
5006695
3754094
9621752
318223
6665713
7243696
6744434
2387125
6914974
5075310
9788404
3533445
1263781
1399683
8382123
8628334
2289639
8073418
3042033
9423358
5970226
7179361
6270645
7917977
6502133
8682409
2624445
6295487
4709102
7563127
7687339
1789913
9718155
154062
8456955
789353
742318
4255841
8084977
5235723
8172012
6385769
5815461
1638239
6491780
6847512
9728544
9540149
2506915
2182567
2218525
4695391
2282590
2411460
2009060
830703
8337667
6955332
1590225
6952706
2446064
4277019
2202338
939406
4797423
3933947
1644022
3576467
3616958
6389014
5987073
1964864
4028528
8409499
1239109
9458743
4705694
4919851
7350568
656151
3648879
5525610
8437599
9128322
4529402
2676876
5754121
4819852
8495875
6638461
4333095
2032943
3142798
3416827
2764191
2460727
243336
7287415
2052746
5298950
6437133
4986034
9095044
3739589
396207
9661042
3780697
8034097
7062241
4127154
9876103
1965263
2073829
6952871
5052581
5716228
5728559
6142674
2591927
1089559
1243942
1604573
2580770
5326163
6124767
7779749
7354449
1721995
3063832
7238502
7235458
4042682
8704691
7982698
1427202
1306810
5712732
7428221
2383603
9914923
215279
6476874
2076154
5164823
6182619
9229236
514887
9492115
7118832
5792518
1081681
7789185
7560053
9398529
4359893
9320915
9707387
715794
8301366
9632243
3161516
2617326
4894583
5493892
2883415
1829660
1855892
2965259
7544839
6861861
6776829
9623961
8758418
9836398
7336325
6327992
5303347
6971329
4831728
2872254
548571
6365642
3792955
7116598
9984120
1154384
3479313
4666923
6494677
8587955
8538604
7459852
9071441
920199
4211733
479893
1009031
1350272
5807693
1205813
5103721
6656053
3200965
2596344
7683238
4637328
5595153
1816536
4040426
1828908
7302810
3174839
480775
654960
7613593
7876572
8307920
7255725
8535416
3241240
7850651
9544300
4001838
4278524
2035115
9902258
6099620
3670328
9845572
8418216
484220
5479800
6133672
8698056
1826715
3907732
8689032
3917999
481461
4341682
5582800
5492128
4881622
7542521
9773903
2875585
8384637
6228216
3476403
7816322
6953847
6404449
634890
4328562
1743564
514319
3133675
1190346
4899994
3019214
277428
3240328
3845667
5740582
4787940
3919858
7720564
5711808
2753265
6071176
9625872
749632
651429
3174260
1689489
9363556
4812772
1849311
2619240
8156875
1519881
307500
8433438
941327
1094700
6231259
9764264
2992294
424700
8259271
8393119
6042163
1040361
9850387
1767795
9562726
4887072
1044595
4580755
8208484
2786619
1940486
1785887
5518749
7036088
8843522
2741333
8222900
5527553
9837986
6114917
1367002
4916433
5700349
2386570
5232559
8600701
6591014
4619433
1559039
3193041
5276578
2374398
6183118
3425501
6940087
9504478
4426767
9034832
1845334
110306
4661324
7066868
2381524
3904020
1387883
178271
8151617
229224
876468
6000058
9762830
902387
1593851
2724427
255679
8150613
8212186
247296
6167053
9837220
7745866
3623610
2224
2822644
168712
1322387
5531326
8128051
5603640
3330621
6068446
6904835
9941871
6716602
2788448
6337283
713971
9466953
7125448
7914771
1663974
1357188
5561326
6750851
611176
2888195
4805978
1857873
2553054
505235
3714547
1174341
9605526
3971547
2597565
3557960
2873460
4134103
1772577
6642638
2411052
3385950
387875
995625
448098
9342454
2684068
1056122
3641308
2224505
2547557
7925132
7833545
2864303
74782
1506703
99624
212152
5876675
9450923
7556800
1408187
427697
1762578
6517871
7124422
1843288
7172720
7878350
1546234
5683305
535613
5676824
1998766
6793917
3047106
2709587
1640471
1002629
32143
285554
7343102
9692892
9118163
3270122
3115717
9784221
7518547
4712928
3286038
6062607
4690880
5691977
3951674
8864761
2588013
5218943
3426504
66104
5281502
1099614
5883989
9004071
5029730
5928219
3437055
8247480
4541503
4287293
3124362
2987338
4986721
2979997
6357365
4576706
7336751
4505238
3416885
2609553
5755297
4928915
1332686
5465477
2966535
1567968
1792364
9002911
677766
7625624
8127774
6437179
338289
2435786
2370564
65555
4357809
467988
3777364
2503740
2747171
9909173
3417882
4070207
7499342
7823768
400554
2553293
5150828
9715623
2964115
9234515
9042620
6766819
536098
6735680
5535618
8372922
8582683
8707413
4735420
2193079
3755338
7205592
8183063
1919551
7773361
9315718
2007020
7036617
963961
9502277
2217193
6813977
641831
5974866
3603922
2450304
600023
3910434
124439
6107258
7758837
2367477
7859370
2281388
447175
8650790
2773846
6222592
844015
3090532
1342010
8937879
1546598
7260316
9785947
5363925
1910053
5930372
1023622
3226858
4615926
8467139
5099979
9809367
5340998
6791084
4471887
7107775
9552484
9916421
3036268
4460800
7804462
123359
5476858
9184487
8894643
5791303
2467202
9334255
2743185
9592183
978113
7701968
2767284
2319964
5301063
5122310
24678
9219810
8958523
5305260
4625793
9562497
742779
5586683
446816
4673246
6865695
2407214
6190617
1942934
7234324
7322325
2199032
1215872
6516793
9931463
8655289
1725311
8520274
4357478
9448394
8116946
7726671
9796012
279893
4333838
6593540
3765064
1338071
8961643
2071417
2458758
8825231
664946
4978378
1145462
9147686
608449
2413844
1947742
4614282
117950
2531704
1656770
251187
7505034
7258566
28880
2036960
6344600
3125050
9558434
9700436
1999575
4069596
1418532
9768323
8379603
4464697
4807150
887836
9193716
3605715
5486839
6715853
9669112
2519610
1341733
9442349
8615005
564251
2000173
1312101
5305497
7820103
4144082
1780569
5911428
1730829
3532020
9839580
3134071
393658
220764
4210116
4230884
5123399
5452432
3228840
8642883
1465688
5359279
5030692
4734772
1892263
8630394
7349488
9259246
1216256
2106167
8161934
9694722
2641549
8037931
9647043
8636183
1583450
7773306
7247944
2932569
3380764
683930
1023661
2543252
3346651
6881450
4430167
9874640
2881679
6646744
4259143
7378592
9644706
7253880
3775991
8309885
6709636
2252553
8112316
7361596
1568619
1617339
6362133
3909112
6988624
2927023
3097604
8561302
4584540
7821678
4516955
1501062
8084981
1167898
9261578
6437758
570632
9365409
6590736
2767683
5172462
5549199
7681108
2855911
2228608
1757252
4659120
5400668
3381243
2035961
533890
903951
9242758
3974250
7775317
2875607
1794428
5044586
2852497
2214614
7959695
4635715
8142329
6516188
1236066
8170355
3442478
8933600
9085233
7976843
1216283
6921510
2973924
3362326
4467184
9011698
3121081
5122721
680731
2699503
8528025
365146
574720
4980754
3075520
3106107
1085372
7182863
4786248
6844952
7870326
7426204
5111189
7760056
3895267
2792830
4113511
5157307
6286799
2807571
8459331
8833490
7714326
9843134
4598827
5765690
711742
918797
1510370
4307891
9286775
6126433
8400956
7438725
9577746
8437593
7449075
2015451
419789
2197177
9572145
4218958
3232725
9916856
7155577
6998741
4959979
3945720
7450417
1710382
3945370
6772692
298329
4479067
3249161
8050953
5710406
3378378
3364817
3620455
3826819
9129238
5141841
4680598
4334313
6600022
286940
7184714
9420229
4665358
8368468
1336106
3289387
4343553
6415661
2263011
2877580
5780711
4999057
9601210
548518
5083258
6340189
8779073
5898720
9305804
5338408
5993951
8278404
7963235
4573814
5969669
4083180
1931581
6683204
1915702
5408060
2729134
8631156
4246461
698074
6622846
9205591
9067880
7605431
6390424
9626473
5751000
3904724
9510616
8463575
3768892
8908317
8438886
2725833
9933029
7098334
9839485
6847234
2374675
1279984
2536719
9367502
3275190
7581929
8284880
9493762
221757
8789127
6517613
2520081
2281986
1228871
8372665
8866179
7356289
5414670
8324411
262462
557364
3033469
558958
5775427
946661
4975326
6549446
4531755
4499928
9555718
9005679
6354530
9530530
8168977
5159587
6116907
2717995
4616741
87159
2682710
3113031
4631848
9918233
91274
7938764
5931119
5517752
1689833
854938
8237954
4890107
8584826
2166350
9681135
6696482
9701495
4507871
2407243
48276
7507408
9616054
7259038
7527766
9496173
9880345
9856432
889084
3869
5025329
3801348
1368866
5677473
3166550
7011325
9300313
3482905
1565651
9834935
896766
8146340
9455
388053
1004041
9330526
2370399
3794201
9038310
8838353
7364395
5025749
963420
5232907
2953121
5986360
9905451
7136759
2552617
2854185
5694825
309745
8968432
3140732
9206594
8570961
4945202
8074854
7138689
7956628
7587086
6806183
467593
8857011
4871698
3184817
7468874
7371717
1975697
192113
1174066
7457373
5055034
648409
3134582
3338884
5111863
2729946
4872995
6098944
2185738
5913595
244641
2440338
8182168
8388662
6002198
8160943
5490453
7127443
2135312
659454
5404275
7005026
4183719
8506201
130345
1718192
8454471
5454919
392762
6391086
6075177
709604
3441760
965153
4460742
6667245
660225
653854
6943178
3401423
4614961
6266766
9544741
5100478
1787705
9661060
1737921
4364773
3516211
760932
3698797
8396760
9350613
389698
3380740
4288574
8441781
3146756
4179814
9336279
6297320
3179842
3206690
7884318
5647976
1472602
3007664
8027281
2685941
3822561
8257291
5952365
7213013
970925
5624111
1355162
4195393
6976689
639244
6251396
5741087
4494525
7487751
5940387
7116135
9065202
2171189
6684871
7935010
8600040
7399800
2859854
9366908
4023803
8164969
1758350
1884953
7605979
7385291
8532352
2736443
3838672
9669102
3149882
5976339
7218381
6291748
2314490
1993021
6770558
5813354
9600253
5268603
6515361
9945468
2175784
1869784
3697338
5734584
7945389
6773932
3305945
1383425
9245539
5715244
3795362
7644653
79221
1195437
7803958
9746599
9878865
7868248
2358598
3606238
5838302
7402065
367720
7900315
148264
6707325
459063
8325890
4005188
1656044
2729937
7201906
5088124
8968368
3768319
4548756
8135822
3409265
4039128
2774178
1424735
4103342
4093454
9634475
5014580
3668013
8821904
523792
6155120
7349115
5546441
5524671
6376500
7561743
40127
1271779
6590211
5885556
3058508
9801323
8947049
1646060
1612113
6254893
6335876
1906363
5081625
6061068
9166506
1892792
5397495
5855548
5099495
4791901
5689334
6790387
6032942
2242016
2726855
5425184
680317
5540858
4569609
672772
7466744
9454993
4018226
6045648
6760629
3928301
9985577
7383610
9431361
1645934
4854740
9461929
3939882
241456
6560722
72649
4903311
2303969
4472489
1883581
3210753
2541749
1331949
5562296
2061223
2752236
847151
1151092
383818
4029763
9409157
9410604
8047664
3432348
7199476
3994320
7533441
3785069
1870716
9255729
7920550
2864745
7577713
6497401
9620557
3662645
3716918
8772783
4510553
7943407
8486443
1362869
553060
2393792
6505272
6119423
9400311
3178023
808489
6541995
7601439
4390035
9261302
6245061
4420864
9072665
9004069
4527765
797510
1683344
2494009
63836
5931594
8641428
8912777
8196251
115752
5813042
6766233
1344332
3505195
3588342
3326726
891489
4895555
7452395
6380400
8619676
7017880
9884990
6336289
7436616
2036893
7709250
8008477
8544825
9443196
9819695
7983309
9882321
3186113
4254392
1921365
9183812
4078007
819553
1162199
8365254
5761051
8374789
5467868
1164201
9194376
7760080
2661636
6421329
8730306
5631879
1470260
678641
2842351
1582479
2281003
401721
6729915
8961032
7527075
6383239
6705487
368640
5123881
9562331
4721221
4609390
2353855
4349974
8866394
5584432
7157183
8713050
7016264
2487886
8391437
3199036
6349135
6665306
8084973
352015
410480
7485837
420712
7680985
8971792
6875637
8945886
1669017
3093828
9801684
1711936
2587524
7300632
9286929
8718894
4951839
617164
3028567
9092826
2115000
1240603
622544
7183892
4256876
8085134
9293206
9468786
7788635
4915092
7026119
7698294
6148564
8988572
8214987
4591309
8173687
493277
9151332
2784315
3584472
2282773
9810830
8343826
6015011
603478
6502859
9673141
6857747
6524225
7996392
4664863
1487198
7249948
6752707
6788828
746059
6498886
4438349
7167108
3176974
9083489
1456751
7335069
5987412
8447759
4430005
2708628
6587136
3717994
3311209
9726626
9732403
8264437
6345406
1795736
45479
7147724
6393370
3637624
1469692
7413433
7722022
771799
7040750
85087
4669202
3686381
879628
7138678
3629878
3694857
3453956
556072
3983232
3507079
4026786
6501427
4970278
9630777
1842054
8893757
5619959
8824602
631665
1122538
6892169
256577
492572
1370794
8997741
9907447
320455
5588829
4967379
4129659
5624588
2683993
6330866
7783611
6673597
1552096
2669151
9809226
5664506
1532348
2487443
4753385
9400788
6388870
186634
1597802
5846850
1101925
5375280
7296616
6684151
4818498
5621014
5778319
4129962
3121766
4406260
5673009
2954800
8557084
3220644
6487836
3974787
8948047
3024042
1435898
7138524
9558979
4510019
1547944
5351294
4744496
6627112
8272083
5612404
1608982
3321366
9848893
1537400
3726488
8601995
3961623
9389996
1999395
9703960
8254413
5057501
9847070
1592951
8339995
2077995
6714277
4773152
3418754
4098395
2141923
4302953
292885
924493
7711992
6189786
5058283
482392
8696720
1427090
7813556
8904454
2775029
7261381
7859736
4178433
2712250
1278938
7096773
8212784
6908953
469596
2868370
4095047
7214838
4328169
5572755
8688191
2479590
7219062
4747518
886771
1311559
7962929
4881766
6527808
6104364
7966375
67679
6653601
6032656
6619533
9798695
1224637
4196240
1311748
6920699
1980504
4351466
4019039
5204835
3252809
1782454
2940362
1087501
9449147
7177002
5468213
4311919
4929956
3691492
9961625
8471400
7279910
9527234
7802676
1126442
8299954
8628348
4364165
3324558
7965160
4702597
8031682
1330389
5589618
4272121
9204152
5393325
9077301
8741999
5162964
1402468
1089174
8382771
5930703
1748257
1042066
427958
3840942
6705386
9819770
7289937
6107018
4863868
9451984
1260605
4399932
1583755
5732953
7429826
4702233
4817306
5106057
6973653
7752016
6982228
3794186
8386067
5943550
6163653
5062791
1289124
1368797
8820270
4480937
4492206
8748547
2007750
5587401
7487125
6263757
2353184
8362367
9828559
2946772
7049289
3899397
2845281
7874220
4586656
1496990
2641936
8155127
5911021
4629488
1809268
3308445
1529705
408992
1762161
1738062
7987312
1773326
7822023
9744028
6135093
8612637
1856889
5585599
6839153
1040050
17190
8239887
5105071
5531779
8729952
9327377
2686799
7125031
1061949
3802583
4424096
9923326
7743811
3619073
3503507
3910456
5598585
4760101
9881272
3364562
3103680
4852156
2511663
4617345
5909732
2836615
7368438
1462125
5633307
5201590
4157071
2876393
3816044
5500879
672810
9908675
2916663
3494659
5112279
4985004
6475740
837925
7931333
3731985
9293524
1522308
8689011
5527785
484983
8176340
2424238
1288116
1905262
3847226
2082643
3454095
5694587
9414940
6076830
9557622
3688899
1992688
7836385
1179703
6431807
1237468
5787022
1931850
455110
2999395
9928063
2121712
5636505
9364107
2899805
1746192
9704544
2894821
4720292
5240507
7664930
843835
3026596
9489891
1745013
5306475
7005885
2404463
6087670
5787717
7241395
437388
230433
8721118
5147780
2704361
7088298
4828277
2744941
9083387
5590300
7148807
5432159
495836
1918502
58612
2487141
7659390
4293052
5172062
6772869
7062011
5678791
9555255
4031804
7614707
9086782
5293218
9383439
6838841
5798139
3657547
235621
501081
3678568
7388587
5551302
7401350
2469005
4614310
6999222
7975724
5280824
5105250
9726800
7832976
98211
288768
8204630
1687123
2471708
4214095
5444377
815856
3101109
850206
207703
5463653
9864170
5794671
5198900
3157734
2769943
1613164
3395951
3640168
8384727
9476558
5834654
9280672
9348676
500924
2066880
4497301
8925208
1387296
2384253
9360713
1063089
3371761
1564562
6673327
4201273
797335
4181141
2032340
789649
6970674
467627
2439264
752225
5631454
897156
5274718
5577571
1665677
7893462
5620922
6994441
6945619
398037
9791586
1294555
4029428
4468272
1399201
4739759
7587141
6008196
5247171
7713022
5780530
2214727
6613940
3566655
8357207
1523029
5803553
6267218
1239740
5553206
6944237
4572577
5267501
8195220
3985739
8804697
6536268
6202770
9202161
8572294
1145599
3221611
7512941
8359981
344989
1056611
4974639
2328615
8945334
2125676
7935614
9101139
8811970
6587897
9325498
2189332
5434243
7476550
4261792
1530070
7687096
6000151
3379998
6903778
7524202
6898936
3701929
5612819
2215846
5998226
3371289
1904679
7738017
5477242
9301287
5446801
7127837
3818827
9811836
1644706
8510170
6769223
5455347
7296423
2927609
201091
7699304
3509967
6511853
8976905
9697236
3782718
3583579
913230
1513753
3505033
6574984
4053792
7738731
8197106
3409932
7689749
1981813
7766282
6255228
3335719
2337144
5125200
4085215
6786629
9828368
1280029
6953861
4506726
5437058
8471362
5914299
4410875
8724373
4277939
6182301
6930522
8316992
4417324
3049794
1522675
3974259
4465849
7280902
9546710
6016833
6258227
1024006
3670202
6181621
4864983
3898874
2661187
2756740
9196918
754124
8840508
9900698
3680878
2199562
4578668
9739556
9042387
7351899
9178611
6300774
9082096
1587558
7959353
809261
2630299
9076852
2688882
7866832
8304157
3267092
1597688
6222178
4337756
3356311
4877686
610547
5240284
5450189
7990952
2021583
5570060
1201576
9541540
7158496
6763073
6653714
4892315
209208
1347562
3498940
1771470
4513826
3746907
5653822
4110093
4668207
9526661
4476320
7566851
4473967
4778289
7495168
9067582
3535938
8989790
3672049
9321835
2833256
4027045
8282724
7854873
4025475
8474259
8521362
8731763
7118804
4501345
9760888
396089
9232326
8975081
2395227
7940201
7774513
5739706
2334954
675915
473254
9288622
8725041
8701098
4190172
6756411
5700917
5419542
2226522
2121972
7442598
6390555
3577381
819493
7369956
6055628
6867265
706259
601684
924581
878626
684326
3764047
6675266
9862275
2703888
9566741
1984017
2387100
6385367
3060702
2044369
2709469
4823818
5266317
86659
1783602
340069
8103195
242969
3497924
2668714
4844292
3674187
6288272
1169669
1384071
7424936
7324542
5302259
4800531
6211327
3793593
8592825
7918106
3330036
3834679
6791023
523677
1508929
9142605
7808065
7363650
6058448
7211803
5944366
9408630
9214858
7123855
942613
6716972
7295395
7351238
5860744
9782687
5611559
3104100
3266772
2098229
245112
349652
9557401
8026972
7819273
3103153
793046
7534913
5660542
7259567
3501340
6919830
6871255
7346864
8418937
2323399
4763278
568687
6615073
6436458
3288173
466524
8579692
5450788
4035259
988666
636155
2097470
6073215
8505886
7863947
5357275
1121650
6405141
1463677
2227033
3150489
4704690
1677192
656850
8811064
524137
5474413
8442406
9242894
6541207
5024805
2682204
2581689
5522166
3623387
4728029
4204940
1902579
3042464
8831897
64317
9300748
7876002
8979837
396030
387831
5710977
845297
7381419
44182
6412394
6036196
5648955
682782
1857586
1734453
1132991
5536368
5495542
565700
9817338
3996851
7711011
5716574
5797762
7413912
783476
9832722
4615813
4890581
8666452
4847056
128721
879808
475147
6072029
4307214
3931915
4282468
6606977
6995807
5495341
223704
5760588
2994585
6242692
3608789
3603304
9818667
9129179
5898048
3788026
5575825
2007890
1819444
7979284
1009328
7632392
4704986
4072729
2179243
519956
5301831
2681076
4834305
2647188
8871621
3317333
7011849
4358494
6894395
1149275
1688369
737368
5000377
9592358
3493814
3240294
6924840
6826555
8229937
7639676
1442426
7305720
2860777
1497182
8499886
7663139
6511194
2332445
3546255
1867952
1200502
2847969
2485722
5298098
5630333
394876
9387042
8212051
9036712
4977748
70854
7141589
4589094
5445637
4148705
535229
480734
1410351
693472
9193829
7715119
2789059
7758365
4054201
4918489
6817630
7215710
2892013
1028933
2307546
5945409
3949810
9369087
776924
7679544
8855003
9533658
9830596
1533885
1986073
9946506
7091076
6663452
6144276
6642705
8336515
6073432
868068
5830367
2289253
5298866
8312334
6769827
7052676
2984741
2999409
8439394
3690587
7081768
5915100
3071862
3294074
2117142
3361157
7907471
5159232
5538463
3476166
8756923
6380564
7368757
3088022
1946353
4870587
3022949
4128592
4110568
3480598
7413644
11187
8584174
392624
7788467
2948376
5939119
452517
8666780
2466219
7385879
8270306
59477
1095701
8490242
1286787
4514727
7469889
7815357
349627
7360410
4479275
2238891
1320761
4951693
5228261
2181884
3832307
7325345
5539335
7883927
2346993
4364328
5454575
5368047
5118734
7098664
7365261
2533757
2537697
5720879
1768158
948568
5935465
3733198
332000
6294966
5411524
571673
8135361
2754940
4190215
5002486
8602714
9987768
4244798
6971702
2328054
9863781
1412984
9101647
2360253
7829546
2311295
4536456
5098653
83918
5612095
3943982
617625
7537868
2277565
8026516
509228
9029866
8090834
8034458
2632591
8465771
4757098
5446021
6745417
9193220
401813
2148130
5972754
9191866
3374079
4405353
4790482
4194511
2854761
74363
4969667
6105898
2714049
8194044
6833155
8204024
387137
3870155
2998428
8465548
9746998
2204057
7637846
510800
2365827
1280955
2023035
8086021
3856707
9009675
6425706
3315308
6856106
5129429
3723598
5165996
2601644
4091182
6777035
5712276
1162901
684450
7305352
4149974
1848465
2537540
4758528
9041278
6242041
9602872
6165160
2149265
1904270
5064373
9281452
2815563
4818286
3782666
5241565
7813632
4424759
476908
1525198
436604
9631191
8816560
8828106
2331246
8936628
5682002
8181265
1405713
7693661
488317
8069519
5585417
9149734
1621278
4540579
3004373
4878135
7332108
6834811
4543555
1590686
8816038
7254893
7288509
5654610
1702674
9037671
4710781
9038715
728743
3163828
8741525
5528245
8028378
8540744
3016154
9669305
5509932
7816337
1278264
6194228
9484575
9030720
9233839
5883183
4131305
6084530
8462806
8612467
1078163
977170
1141800
8616542
9421077
9370808
8934319
8954564
3597745
4782705
2433944
6648126
8565375
1354407
5512602
8942708
5047675
7696749
7984255
3397223
6229277
2127876
192987
6406832
8615538
5102693
717769
255343
9778294
1114317
6632028
9706359
4185160
6624364
6192567
6860978
8740029
3203117
7514918
1119033
1116630
4920763
1269000
1268873
8386640
3762376
5177788
4874499
8303978
5658723
2053380
2037600
4387858
5715350
2887576
1505342
2372361
9995324
9175906
8403178
5776870
9502129
6319561
3054787
4476460
6697876
264539
6727598
3283715
646316
2733202
3920568
378309
2203603
3976543
6834323
3189045
8230771
1333994
9242778
3083072
6917403
165962
5403106
8103982
3040517
3194707
4260213
8630779
9555927
7009534
4582195
4734826
5935123
4168149
8903861
7895755
4312705
814026
1843764
1541327
841085
3982424
4521304
9524852
2278660
4238111
571913
4445770
5510305
6519825
1337916
4773883
1880862
5822498
5173308
5088242
5847267
5331606
1117415
8395703
9938956
9238191
983722
6461923
8822431
969998
155621
6050407
9760523
536280
7779650
2008568
4723082
1075586
6182183
1001809
4335912
4228735
2361172
5390140
7757267
460523
1372732
1000021
3571850
4343272
4918455
367589
4104255
9895915
9258401
1063825
9221283
7350412
2141922
2113334
6835177
4501588
3852298
6834269
1531945
8477463
3138688
2562810
5866067
3608394
3493930
6957531
9457534
3269585
1281799
5067050
9318668
7685171
9492977
9536152
676750
3604073
7798969
9870025
1679030
6861256
653767
3728454
4694330
2150018
7432844
4288751
1467427
3910047
1099025
4489281
3480404
1761721
4499044
7702699
6443280
5826877
4417028
4403334
308878
1127497
5803419
9877966
886211
2551127
5532114
8294250
5931558
4778456
3727975
893798
6468017
8797509
4486738
2467105
875322
9739953
2782786
2824547
7989409
4233698
9351416
8962759
2546111
9581562
3376008
4710170
5679140
1126212
5540761
8552032
8245143
1013255
5032631
2101970
5464859
896263
6034493
565194
3652512
6906367
4476488
4580277
8375866
1353086
4941011
9981468
5892290
6198848
730889
4428410
9914566
5149605
9678999
4203328
2723186
6923115
3164001
7251729
8697985
3244783
409056
6783560
5558494
1754842
3028398
8685746
4303322
7717812
9968388
1465514
8991045
9052611
5736590
5347792
9373441
4957907
8753859
8787881
4102873
411738
9650476
6265622
5269355
4690750
608888
4112951
6353787
3302981
3008539
995510
4524428
1371174
6576188
4627799
2258833
1162877
3096967
8158205
8445530
2096801
9636035
6394851
1488323
6803438
7922029
195361
5072210
9317580
3323376
6271277
294211
3516367
7123113
8310467
854636
8931745
4812303
5785384
7237558
8458513
6544589
5053569
7750675
66590
4243112
689402
9201948
8042747
4948539
7732331
4104270
8653428
3639931
4820038
5861764
6752147
9021912
4766809
3026602
5529770
8863024
6139050
4687
9524781
6509737
2908663
8713532
7316300
2403628
1330794
9281037
9588967
3844282
2638313
4389256
6618153
4635287
8913167
703541
4433001
2788284
215830
8648943
451592
3660819
2091110
7198799
3578303
729356
9003253
372886
9522958
9638798
9434978
660844
1692555
1475658
6297992
4304928
9544235
9162479
3618771
2563844
9872385
7635124
5919854
4487460
1135702
2478466
2904390
4728183
7943863
7199319
4087965
1262882
3366447
4587739
9751950
772477
4302081
9430711
9736739
3177667
7159979
8923109
4954717
3266365
5363762
6026924
425988
3247773
1099888
1325934
7507450
2745018
9134371
3439037
4435593
9550671
547234
765663
5142730
5963709
8506168
724714
1854749
836830
4661855
876621
5220288
4464751
1019797
6040439
7139048
8943092
5852209
2731309
3731961
5244057
9948904
3529448
5232970
7534588
5561673
7348252
6470711
3814182
2070755
1799567
1063966
7762892
2630590
9167404
6965206
1791417
1020748
6234705
825154
4311315
8425638
9002222
9406632
4294082
7129058
4345287
1717715
8399689
6217966
3326146
6824593
4805985
588738
8009474
6327989
2895131
1830298
3431447
8820368
1392469
8034315
4189533
6285517
2529830
4660379
3529646
5703861
2118983
7257719
5433577
3186258
1158779
7548767
4790583
4175203
8934129
9723719
476322
5923610
3083652
6232425
2747884
3743762
5867542
75188
7941210
9629180
1259918
3384997
361426
8818578
3740867
1955144
4386560
1376342
6852319
8366939
3012574
6718706
7182506
1794695
7345325
3822137
5971843
2241295
3781700
893620
6338899
4175021
5674552
1833316
1462638
1919641
9938668
7197190
996892
6229351
1671014
5690946
3925072
3829750
8412498
2933055
1179243
1973454
9887150
604149
937538
1349928
7074797
2862314
8281598
3796574
4591656
124565
9120143
3019494
3935996
7225952
7750979
3311696
1793160
6458632
8514343
6072881
7859147
3326822
8642685
3425880
997143
1864401
1099697
8657616
1434245
8284436
4736092
9589893
7010000
4284881
8485244
4842561
3278385
9357350
3013681
7495592
937530
9393628
7670082
8087377
5548895
7362152
2780061
2204461
5110475
4679465
5518469
4552060
5298443
6973586
8478053
8746082
1087818
4289776
7352219
2563992
7823672
7498254
2891206
8844959
219242
2604206
9824510
301275
3918669
6026743
848130
1834912
6601937
2394322
2830773
9505127
8835904
6665713
3007151
5014088
3671591
5611424
4523238
6675828
2842491
5190578
5401330
8082566
4044608
4596654
7782363
614413
3784052
2419487
3388231
9452381
717532
7237328
3423734
5058751
1174658
9025897
5184231
6843105
8363112
9549101
7282853
4555
1782752
3580767
7118668
7498808
9625856
4897091
4644309
429703
4443963
2440106
728079
4848724
5657818
4993594
3423207
8797498
1413668
6005515
9770499
3826000
8712676
7875128
9870700
3544984
1671811
7283356
9706876
2538052
3552939
6517384
3760451
1819095
2036798
5436343
8412582
2855644
2397293
9002105
9838475
5357259
2798717
8096812
3888034
4656481
9211826
1482381
3348826
5264273
1517207
8501636
8743102
9884840
3366211
6234138
582753
6106463
137879
886403
5825058
6143641
8536543
2301814
1367509
1980305
4844439
8950494
6016792
3714156
8423494
9141187
6933719
9936911
4757619
1836056
1998234
1799103
2910489
548590
319083
3756518
7277568
5301911
6989527
2451326
8131557
6288550
1392727
6528612
5314496
4749074
7196209
3268866
6197322
4939921
9173198
1409509
5256815
2214406
4738347
3499532
3280938
6178257
7335238
2579115
464108
4299454
1526006
9567191
9050195
2030297
6447088
2229292
7035611
9318035
3449464
4769894
4705815
6928026
469857
1793781
4401842
9625318
6889419
8718440
6605910
4952918
8505018
1971752
4792643
1823083
2818485
3689813
2506772
7353005
7836167
4538958
8656372
1550947
1214247
7122566
2619080
9570893
444479
413023
2193608
6730657
3551994
13464
1742108
2758730
9682066
1332689
6416088
46722
6351180
7985112
3937573
9411001
1299936
7368729
3253413
4135797
1470056
1777344
4329436
3788237
8861704
4344131
2005001
5785614
7653248
1987442
7626629
1498241
2902637
7506698
2249830
5964381
1608487
6971073
5753323
2201639
43513
8898072
7941287
2398334
4847885
3033243
5620752
3644466
117017
4749186
8420310
5434309
9155033
6542423
1447754
3636444
8377837
4823813
1597827
7007144
4135867
386079
3818287
9758144
4328494
3065842
2780644
1498043
5702020
6601075
8847227
1464540
3694919
1525518
6716
5842215
2415249
9882146
4591674
9221429
962080
5551713
7873963
1654455
4788109
6561082
1576672
5073147
2395451
3145309
8547062
2318035
6567123
5670075
2636997
51478
301095
2966817
488406
3614006
5211308
8187131
8995078
8005081
5488121
7031426
2044983
8477004
8697246
4744740
3811508
7658563
9833404
6833871
3592423
963233
1929446
8803987
6089293
3465672
8826641
4283460
1213595
881510
8801957
7032029
8082528
3045147
3031590
6709547
6624504
8586933
3850372
9102439
9922387
4096547
1440588
5914523
3540102
8275242
8771235
2108973
9323104
4528896
6121391
2327658
3708445
780575
2567769
8903522
8597241
8392800
2569743
9878849
9160527
366794
5524824
4153893
8580113
9050639
4092332
7882254
3459598
4331373
4360522
7706974
9025037
8002446
8609593
2151712
1841989
8917198
6537363
4228282
7998005
4375000
1394780
6667599
7592452
4563616
4770136
1624078
5811371
3455616
4578998
113768
9945801
9564609
1652178
1201364
8857857
6232846
4487312
3616834
2075254
5222506
4488118
3753895
2420104
9112770
5014256
5048044
9445358
9931990
6580393
1074912
4126313
5806978
9078517
3366893
3245405
3350261
6209568
1446790
6074555
1147446
2234532
3116548
4359483
9083479
218379
1630862
8616645
9884120
3227313
5189556
7576297
9366069
5449714
8834714
2013721
5400570
5492477
8836326
9265507
8825784
1345831
6112205
1213241
4393586
4665835
6762930
5531583
2627052
6727621
2579629
8345555
2949864
7741253
5783455
9087066
7965228
1136051
7509278
8902170
8045092
8472058
6108443
3496128
7458931
8384014
4445240
1990677
2535881
9190802
7899597
4275492
6975452
1927417
3982028
2881285
1455834
2477876
2759239
4450357
7141027
5412450
6400411
9509161
2139091
6177501
1636806
6764208
6824488
3045259
4191243
3036696
6760305
1458806
9034890
6648361
8351128
1642401
8644795
4391155
9641699
1244722
8643685
5690742
1709070
3451461
8937317
5948955
626436
2641427
8470164
2224120
2609200
5142001
9776305
2737329
2248973
3271678
5752756
6837465
5373011
8416355
1267583
7270127
9143612
965649
6478935
3499642
6924828
2453133
5179991
5449631
2061308
6680382
9396914
779033
1044791
4512701
7665676
6260263
9330242
6756160
6720288
6120097
1460769
7331047
2694504
6043930
5440288
2793473
9622232
6788601
5718195
1875104
4403262
3271595
1181746
8043663
650438
6122760
9790195
1146512
7826728
248393
9725886
9877298
5186851
9878279
2808499
8075923
7081087
3013456
2935226
181526
2182162
8082962
4222151
9653272
5758566
4027941
441078
5282083
6274053
8333368
3719500
7430018
5404263
3067101
4572205
1722493
5855977
950170
7606739
9377982
4017744
6358825
3919218
2619266
4715488
9745551
4347400
96378
5111158
7193119
9902942
5089909
7585869
5815533
1989222
2806687
8155864
904970
9460335
38423
6964137
9781657
7863624
285924
1462319
2244632
3555885
297207
5831720
5536678
8015545
2973727
5708659
7820085
4430533
275319
9502141
5317178
1877700
9438444
8282784
2484343
8934613
8768487
5135431
3107119
6516393
1218616
6626553
5890582
2960712
5805946
4162869
545050
9266096
8041724
696925
9359091
5634536
4745087
5578303
7143751
915870
76894
2787496
5513061
1721385
8462719
2017468
9082808
3430112
7113043
1661401
8242652
8235656
636020
9590025
3965549
2703185
6169449
8127001
2256519
3849703
2690487
1973504
8650865
3040876
1812354
9870056
9401444
7901221
9899085
417437
7086090
9401412
5728573
5924305
898177
4298926
8205146
8838281
2490799
9971110
3402293
6969703
1500004
1715319
1713606
9409805
5355988
511538
2335698
6539823
6859779
4570739
3628962
2320991
5051615
1590017
6326183
251872
5600880
4737118
1147208
6511333
4373677
3216941
8994850
6947494
6578252
7512055
7034507
5581032
2694268
842366
728379
9467536
8999907
8194486
8041974
8218275
3430056
7532088
9912916
6318125
7707025
4789925
1143693
1301715
9561614
8770661
6576076
8979279
791921
1184502
8991517
4142956
6774673
2221378
3526190
7859269
7853391
991055
6142455
8051236
5057365
3281670
6154090
1497939
8543938
3379933
3626868
2873450
1786034
2651325
3160286
2966306
7102791
3113304
3863339
4070291
4566874
1517411
7236355
1588070
2107912
731222
6654596
3243393
5253960
2511072
2512135
5354190
5425484
2414325
4769940
7243093
1816643
4963163
8618190
880584
8071331
5019362
8982576
2535021
4663310
6508872
1834740
1295827
5780049
7471158
8352958
8734065
2716819
1037919
3259633
1386903
9491445
8445742
312337
4644628
1164438
2795196
478398
6250452
5433457
7142887
4887404
127348
7419673
9571767
455967
1959654
6062205
5780153
5051518
9994562
5385692
166371
8673284
9839653
151547
6600387
5134762
5405640
4067065
3762067
2406433
1228523
1653682
2153867
4752706
2221190
171130
7302686
3782709
5003844
9258015
5904678
5213299
5334405
2992990
9750290
397287
749379
1416140
1883893
8451331
2286338
4377743
2510278
8005784
8847017
5709410
4921739
2148878
1649087
4770454
7597135
9276211
5680311
25819
185645
6086653
8388931
2069444
4592735
2071315
2863049
2920803
2127806
8916487
3354972
291075
812503
6751942
4448511
130140
1131089
4844501
9561389
7677580
7250054
464820
997669
8395220
574711
8212644
3077980
8327353
9545260
7334034
5628685
9638478
3245467
9535423
8524965
9128474
910205
5841436
9175383
9299561
3047199
7397401
2380079
5156307
5319365
2231355
849307
7969047
7983617
9044592
7511619
5367816
5443654
7229284
9742661
8095256
387357
8076702
8613773
3616026
4023259
6663161
7066194
9223515
6408580
2794984
9260020
9156722
9097867
4129441
7864495
3964717
2238474
5102548
3137783
2031894
9999114
3712637
2709016
3978109
5951369
7671146
7915325
1742610
3850159
4951639
2370405
2135082
6279773
7823675
5389253
185711
6794800
7003075
2486645
8963444
8838080
5403093
9280655
5290497
5559592
6447321
7262283
4973314
1574014
6907276
899483
8344943
6004097
5347431
3511616
5601302
6141298
3430737
5762895
3886054
6105571
3388279
6831832
9499722
7696719
1281204
768855
8201343
1833282
3157159
1175881
6367761
9488608
473424
7970461
2057410
2324837
8884531
7395636
9669132
1552541
816303
4659950
1539599
9392788
634382
5889934
4952005
87937
9804579
7386179
1438232
966418
9902743
7924936
6128167
9338844
7214357
6442155
9595714
2966820
6553365
5814096
2269922
2575109
8183632
6390989
6692180
6420747
9180342
8281048
6716890
9572836
9182437
3299754
1664999
2633101
7432508
6018769
7983456
2277737
7280068
5000090
4406318
7354066
7030500
1841438
2633402
7457881
117521
7886561
5798373
7130801
5597545
490972
1114838
7275957
1542520
388597
5235645
5429153
681146
650720
477070
8004783
9976564
3640978
9821819
3337571
8171718
3241777
2131044
1709282
4193752
29581
7996869
2841353
5064063
3156277
6489788
6399237
1577310
968468
1803062
3663880
9996750
4488414
5830524
4069695
4798115
5253593
9545525
7511770
7717405
4610526
1249319
5132653
5303622
8669597
4867651
8222897
7772320
5808174
4470903
431321
688256
8355889
4803857
5294441
4739919
223967
4757070
9849639
9170564
3346427
9652161
1744510
1388161
7907818
1778586
1606487
3619098
6775557
1812223
9321922
6371735
2602867
4171900
7240937
8299343
7360805
615838
7288789
8446230
3102923
8961844
1393387
4354115
8153113
1629853
2157777
8395891
6187612
9370710
8349140
9025272
5156382
5572040
3113904
3979210
529628
820718
5600773
4160612
1426850
2433623
4321492
7767881
7093532
7058151
2825007
8545664
5511894
7442018
4032482
9228314
340855
2057795
2581675
7300918
825104
3058854
113919
4165339
5471467
1508843
6824585
1960765
4992098
9910453
4023364
5140782
3674987
6672622
5432838
2026929
8723081
6370336
658601
5148374
1887569
6771688
5482573
5364031
506393
6236696
6596621
3321269
4228206
2871209
7076417
5272063
57416
7869101
2278489
827925
5394457
7323055
4544343
7962080
8099884
7753362
2445302
8596801
4358651
4345308
871927
9125828
7131333
5295781
5640477
6937021
7815079
3155103
7123453
8096544
9671494
4461626
9084847
1237521
7771194
3532612
8686597
2450307
616748
2510255
8947743
3374708
6252442
5012285
222239
9409409
5959195
4078807
9165638
3732936
1758653
8443073
7655628
4336748
4148149
9694100
7579998
9364095
8751518
1322822
3167199
6059462
7850014
284906
6775948
6286644
805300
8330724
976533
7289644
3814171
4336215
9605308
7972812
3446800
8456851
2728609
6248946
5426935
1902983
9841055
8337177
4661917
742426
1788327
3372255
763758
8899622
7486151
3440729
4403645
8403011
7559061
5567021
339854
1049986
7535778
5460584
4845152
761277
885123
3520574
7113291
3150584
6475176
6421968
8166332
2167482
5236361
3152360
7209256
5610301
3043413
3906260
604608
7697455
3419314
9446966
8355569
1385899
9990516
2788589
6330459
417320
8443026
9505355
3141214
9772575
4883722
724455
7953818
2374404
489977
8005569
4018868
9397540
4152928
2193723
107400
2657943
6603071
2723184
8077941
7538372
7946188
5446096
9034557
3116920
2953877
9988882
7495194
475124
8684765
6532305
9356805
8530255
4535434
6448655
4110194
4953286
2169734
928211
9535047
7545046
1872006
345353
4598494
6232242
151904
3357575
3499507
1389861
4876165
1084052
3826632
9977090
4430265
2186444
7693599
9246908
9834567
7176213
7935749
9986077
548044
9993277
202270
3835569
5719867
3429620
2854376
4738669
4010655
8226599
4906565
9757373
1913478
575559
8175703
5507904
2509059
8014153
5533028
5972036
4179151
8953800
6783311
4496728
7442128
4127861
3750541
202819
2463953
2125794
2616127
1494088
4657359
6974581
6723704
8725117
4709959
5082182
6106454
7750563
2425964
6252683
2701974
4920769
8765526
9685290
1836597
3947578
3096238
9792519
589175
8517967
7173557
8336598
268345
1755703
6308764
4490262
3110362
8615931
1185438
3895875
5331724
2575961
9905942
2813611
4641739
4176426
9569192
5923292
4383842
2799949
5200719
5400396
3518488
8339403
8893328
2159632
5353591
7948046
1836333
3106527
195223
231614
7210453
7170900
7010872
9808821
181047
3610700
9445468
6152267
5408895
9677775
1301092
7394931
1222177
1221044
6603921
6836186
9519993
2107431
2076386
5769928
7941617
4615358
2278047
5178144
7383337
8202867
2512643
5799844
2266039
9468976
7901590
6774292
7383702
7997019
5132978
3289279
3536466
2173605
9531127
314381
1365183
5471847
3942219
4538515
3352153
4818821
3793578
376719
2268867
2790531
9539600
2237551
690764
6471849
3384870
5094140
9251172
9294248
7337749
5516444
1362021
2774110
8614293
3573086
3205661
8954827
1100134
6200357
4634902
4631826
9296153
6745328
9184589
7455775
9340660
4653994
7564481
776056
386342
2800451
8100270
4018736
7685459
4394985
8906287
1626257
3356274
477550
9905086
6242513
3714323
5185711
3918850
1716863
5610083
2248335
5926996
9589244
1643037
3805209
1966701
6941056
8141076
4544474
5576771
5960613
8262160
2108173
8706114
9673756
1825884
8347698
3501965
5068035
2574172
8000954
3115014
4465606
2052603
3439220
5414509
9695779
4372813
3542119
4850356
9973224
6142241
5358185
655194
5919657
5537895
680349
7955038
1837015
1827487
3814602
4860033
2714695
4986879
9752850
1158629
2845016
9926378
6730814
1055502
4734722
2324353
322866
9301314
3056285
1476882
6206353
8449694
9425128
7963023
976284
8426957
6217884
3548171
4104495
8402125
1915709
5030200
2660754
7497306
7204228
8242873
6197354
1504632
3289803
7500563
5453162
2708959
4056997
784686
7734618
1872171
7740882
6173202
6643428
9276635
4872923
8521655
7264585
8541338
6046128
6617803
4063669
9498908
5464293
271931
7061164
5407307
4321093
5545102
4240824
214574
8402753
1495587
3792561
773369
9022915
3235242
8949609
168318
7354088
573445
9017218
4272937
7097537
7408214
2516146
1925028
6036754
9700641
4318606
3300971
4381205
3143640
74795
7023279
6843099
4871569
8391248
2517088
6041969
720360
3141598
6573978
8822089
7393195
7097591
5905455
5026585
5129044
6509277
8976775
5971620
985502
2395960
7382403
3885802
5148870
4933923
6476637
2083475
1917054
9478019
3110674
2426661
1360267
2157687
5189083
3170797
839745
5558133
2977813
8116162
7991992
754817
4138376
340089
8835421
4274130
1034137
3196266
9812282
1374625
2892805
3219814
8831499
5990828
6183350
8401776
3573893
4719201
8316566
7990665
7671430
6064885
2680861
3910681
4370801
3192601
4169705
8840172
4176951
3104537
4159442
7480066
2235064
9000556
9726924
6226447
5739845
2331537
8084878
2531265
970003
3055943
5334691
1466653
4608349
7430632
3650155
23203
4322037
7963598
6817569
1497371
3588571
30797
9709487
8106786
5508955
4453097
2873413
3289942
7538384
3285890
5010669
3660809
5453122
8571875
9381402
8637855
7088853
6173824
8883541
574831
1526491
3633073
7113963
4429460
5117251
1533728
110756
332583
4822824
5429676
8081813
3804489
1803899
2390708
9978960
1835292
1998405
4745554
20704
66132
139027
9378819
9924720
6329689
9418844
4533908
2347587
1634701
3897869
143715
3687506
6894099
3141403
909755
9467746
8740678
8823703
4629573
7419576
3442185
7213027
6747222
9320981
9736258
2874587
6544433
8571108
1508769
6307712
9693825
9948662
7048008
9843684
9572248
3378763
4205590
7931546
1830220
752954
9890846
8894483
8663998
6701775
8562024
1808337
6588074
2802563
9007218
8689421
6448635
3022366
410747
7306700
7292506
975850
3913030
5059849
6849060
5988555
3027137
8532137
9485525
2933143
6801044
7299443
1398557
5892496
5925444
7357309
8689991
5629093
3744537
4114945
2709352
6156856
1095090
8660875
523536
7907515
9210429
3973147
3012635
2350894
2639608
2982191
9005950
9966485
7540463
4429548
7675601
8369098
9488225
796067
3614987
7836843
1849982
2745942
7485131
8570089
4911502
1821671
8513421
1070459
1924887
559854
3816974
411157
5699878
5111838
4504810
7467605
4700566
3153381
8739051
5684015
3157907
7265464
8210316
3785160
2494394
6512122
1611177
1625051
1008090
180043
7051507
439419
1894639
9594393
8000325
485368
4016232
4885458
5828728
2698260
1432295
6174552
3572279
8612097
6670434
1289951
7433061
3749730
9920571
1273677
7235683
5539784
2189183
820505
4568871
1871564
4908316
5572507
8825304
1349934
3240504
5367873
826578
2120673
4901979
1917178
198907
263548
2206795
7309861
9781461
6422629
4692745
6590093
2116650
7456459
3490928
4422920
4983865
4295642
1864594
6307132
2971055
3991250
8868134
8407911
8782063
8573223
5115957
1946831
671131
6599975
3499025
687940
6152106
8656097
2192491
690911
7305450
2477023
8236811
7845388
5539051
2473732
446300
253706
3608835
3924487
9083073
1593708
1255309
7351679
9191688
2944553
7903876
7472763
1521417
4131707
6648956
9129446
1729506
924844
5260442
3024668
8830705
6845733
1497519
9244317
5726369
5665152
9756932
4200755
40065
9887704
6856808
2385129
4878556
2004070
4050996
4814581
1888663
4016978
3008314
3189214
8513876
1880589
6950208
4127068
7535858
5761103
7724112
6763020
8721365
899382
941993
7162875
3066370
3696117
1408555
3152594
8325867
5515572
7263413
4610346
9593883
7453921
6395474
6022092
943892
970476
2645078
170226
5607136
5682004
5237690
8410640
9082135
1144951
1157087
6422829
8077642
941694
8370603
3391514
6180058
3991056
9789181
4422144
1617950
8599956
5209149
1205025
4294709
2516303
9107064
8314417
3019338
2274690
9230933
8165313
480450
7148775
6347818
3365767
7850876
6816829
2024697
1533461
7002110
3395187
7898903
6449656
2370288
5825960
1788786
9596966
7157772
9503996
7653570
9614825
7094213
1308943
1487224
2089134
8816917
3686883
5549051
5976064
3425698
573415
9860010
9057407
3047106
452706
7070947
5716131
9672404
8706078
8119200
879559
5601199
9637892
7925240
2000224
6555971
471610
7025272
6165061
1952067
4067753
4027161
7389598
8535138
56656
6271081
3142991
164110
1348302
9678282
3871533
3511350
8479469
2759077
3657173
8632709
1312772
9198395
1674746
7594077
9296403
4568288
1891840
6199603
3632183
1137569
1079576
8508521
6158624
562265
5889134
8460566
2839962
9845123
7733705
1118926
1681013
7220935
7555835
74429
5845864
1545351
7789471
1594000
524652
7557328
4509744
6501203
9854091
1726955
9330359
6921730
1343046
8126403
5053544
1395447
3337000
9848364
6789732
7452539
8560185
55397
6642183
2992907
3480565
5317784
5817942
8756920
9500570
7402170
4774730
2652488
361564
2087286
6987308
4303148
4587927
5163285
1531683
1060236
4481080
3835096
2214685
6593415
5017510
4860634
9388301
8162792
9676955
8104849
1145422
1074952
1456539
