6.100000000000000000e+01 1.770000000000000000e+02 3.400000000000000000e+01 2.260000000000000000e+02 1.600000000000000000e+02
1.000000000000000000e+00 3.000000000000000000e+00 8.200000000000000000e+01 1.460000000000000000e+02 4.400000000000000000e+01
2.520000000000000000e+02 9.900000000000000000e+01 1.030000000000000000e+02 1.540000000000000000e+02 1.900000000000000000e+02
6.300000000000000000e+01 5.200000000000000000e+01 3.900000000000000000e+01 1.350000000000000000e+02 1.800000000000000000e+01
2.040000000000000000e+02 1.380000000000000000e+02 2.420000000000000000e+02 2.030000000000000000e+02 1.630000000000000000e+02
3.000000000000000000e+00 1.000000000000000000e+02 1.680000000000000000e+02 3.800000000000000000e+01 1.090000000000000000e+02
2.070000000000000000e+02 1.100000000000000000e+02 5.700000000000000000e+01 2.470000000000000000e+02 2.300000000000000000e+02
1.860000000000000000e+02 1.000000000000000000e+01 2.400000000000000000e+02 2.300000000000000000e+01 4.700000000000000000e+01
2.150000000000000000e+02 5.500000000000000000e+01 3.200000000000000000e+01 1.300000000000000000e+01 3.700000000000000000e+01
1.630000000000000000e+02 2.350000000000000000e+02 1.260000000000000000e+02 2.400000000000000000e+01 2.120000000000000000e+02
