0 0 89
0 1 148
0 2 182
0 3 87
0 4 196
0 5 59
0 6 39
0 7 51
0 8 99
0 9 98
0 10 215
0 11 48
0 12 21
0 13 229
0 14 136
0 15 81
0 16 60
0 17 42
0 18 199
0 19 72
0 20 39
0 21 177
0 22 24
0 23 51
0 24 155
0 25 14
0 26 4
0 27 227
0 28 98
0 29 103
0 30 100
0 31 1
0 32 183
0 33 119
0 34 110
0 35 151
0 36 73
0 37 88
0 38 125
0 39 243
0 40 219
0 41 56
0 42 93
0 43 60
0 44 131
0 45 95
0 46 91
0 47 126
0 48 131
0 49 14
0 50 99
0 51 60
0 52 177
0 53 254
0 54 81
0 55 75
0 56 39
0 57 220
0 58 205
0 59 119
0 60 9
0 61 165
0 62 53
0 63 217
0 64 235
0 65 4
0 66 121
0 67 52
0 68 247
0 69 0
0 70 35
0 71 56
0 72 233
0 73 63
0 74 208
0 75 132
0 76 121
0 77 174
0 78 216
0 79 30
0 80 42
0 81 129
0 82 202
0 83 181
0 84 161
0 85 68
0 86 25
0 87 0
0 88 74
0 89 221
0 90 91
0 91 68
0 92 141
0 93 75
0 94 254
0 95 151
0 96 159
0 97 16
0 98 206
0 99 94
1 0 47
1 1 39
1 2 231
1 3 132
1 4 84
1 5 177
1 6 116
1 7 93
1 8 241
1 9 224
1 10 132
1 11 167
1 12 47
1 13 30
1 14 75
1 15 138
1 16 5
1 17 185
1 18 234
1 19 99
1 20 10
1 21 146
1 22 116
1 23 76
1 24 38
1 25 32
1 26 171
1 27 115
1 28 125
1 29 41
1 30 20
1 31 6
1 32 155
1 33 119
1 34 60
1 35 12
1 36 92
1 37 164
1 38 25
1 39 243
1 40 130
1 41 153
1 42 43
1 43 71
1 44 36
1 45 163
1 46 190
1 47 34
1 48 87
1 49 199
1 50 13
1 51 60
1 52 190
1 53 115
1 54 165
1 55 136
1 56 77
1 57 111
1 58 210
1 59 254
1 60 243
1 61 69
1 62 117
1 63 235
1 64 126
1 65 97
1 66 35
1 67 101
1 68 80
1 69 129
1 70 14
1 71 88
1 72 229
1 73 56
1 74 6
1 75 116
1 76 199
1 77 48
1 78 198
1 79 207
1 80 94
1 81 192
1 82 163
1 83 52
1 84 23
1 85 47
1 86 224
1 87 39
1 88 240
1 89 213
1 90 34
1 91 80
1 92 118
1 93 104
1 94 178
1 95 105
1 96 207
1 97 48
1 98 237
1 99 104
2 0 85
2 1 139
2 2 81
2 3 108
2 4 126
2 5 201
2 6 4
2 7 6
2 8 24
2 9 167
2 10 62
2 11 54
2 12 25
2 13 191
2 14 43
2 15 64
2 16 242
2 17 160
2 18 159
2 19 17
2 20 14
2 21 136
2 22 211
2 23 197
2 24 46
2 25 86
2 26 235
2 27 159
2 28 202
2 29 84
2 30 95
2 31 253
2 32 212
2 33 92
2 34 208
2 35 83
2 36 215
2 37 94
2 38 216
2 39 181
2 40 219
2 41 124
2 42 249
2 43 13
2 44 73
2 45 42
2 46 94
2 47 163
2 48 63
2 49 156
2 50 88
2 51 240
2 52 104
2 53 1
2 54 137
2 55 178
2 56 60
2 57 0
2 58 120
2 59 210
2 60 4
2 61 41
2 62 191
2 63 96
2 64 173
2 65 214
2 66 116
2 67 212
2 68 113
2 69 151
2 70 128
2 71 169
2 72 126
2 73 17
2 74 84
2 75 51
2 76 57
2 77 67
2 78 249
2 79 82
2 80 170
2 81 59
2 82 190
2 83 220
2 84 158
2 85 184
2 86 108
2 87 29
2 88 123
2 89 186
2 90 67
2 91 199
2 92 140
2 93 58
2 94 163
2 95 217
2 96 236
2 97 99
2 98 131
2 99 139
3 0 174
3 1 109
3 2 55
3 3 115
3 4 136
3 5 31
3 6 226
3 7 72
3 8 220
3 9 32
3 10 245
3 11 144
3 12 115
3 13 204
3 14 118
3 15 193
3 16 68
3 17 94
3 18 150
3 19 88
3 20 73
3 21 82
3 22 42
3 23 145
3 24 150
3 25 132
3 26 93
3 27 155
3 28 1
3 29 94
3 30 67
3 31 121
3 32 125
3 33 112
3 34 253
3 35 211
3 36 149
3 37 92
3 38 74
3 39 121
3 40 90
3 41 20
3 42 34
3 43 86
3 44 189
3 45 45
3 46 104
3 47 197
3 48 53
3 49 178
3 50 171
3 51 38
3 52 22
3 53 253
3 54 231
3 55 7
3 56 196
3 57 122
3 58 252
3 59 35
3 60 142
3 61 35
3 62 242
3 63 34
3 64 83
3 65 173
3 66 231
3 67 252
3 68 107
3 69 184
3 70 136
3 71 84
3 72 192
3 73 252
3 74 132
3 75 48
3 76 1
3 77 243
3 78 110
3 79 189
3 80 37
3 81 154
3 82 93
3 83 53
3 84 102
3 85 188
3 86 100
3 87 214
3 88 32
3 89 209
3 90 5
3 91 58
3 92 6
3 93 219
3 94 16
3 95 150
3 96 124
3 97 122
3 98 53
3 99 155
4 0 116
4 1 220
4 2 232
4 3 20
4 4 122
4 5 8
4 6 54
4 7 80
4 8 31
4 9 101
4 10 33
4 11 39
4 12 136
4 13 154
4 14 218
4 15 212
4 16 114
4 17 199
4 18 169
4 19 217
4 20 140
4 21 52
4 22 139
4 23 231
4 24 105
4 25 55
4 26 182
4 27 60
4 28 175
4 29 254
4 30 113
4 31 163
4 32 190
4 33 99
4 34 105
4 35 13
4 36 195
4 37 221
4 38 54
4 39 113
4 40 194
4 41 176
4 42 22
4 43 78
4 44 116
4 45 165
4 46 230
4 47 12
4 48 145
4 49 169
4 50 150
4 51 251
4 52 5
4 53 24
4 54 112
4 55 98
4 56 57
4 57 141
4 58 134
4 59 37
4 60 209
4 61 244
4 62 246
4 63 228
4 64 215
4 65 3
4 66 102
4 67 192
4 68 215
4 69 175
4 70 178
4 71 248
4 72 119
4 73 74
4 74 1
4 75 109
4 76 105
4 77 209
4 78 216
4 79 7
4 80 179
4 81 41
4 82 49
4 83 204
4 84 70
4 85 171
4 86 236
4 87 65
4 88 240
4 89 10
4 90 180
4 91 20
4 92 78
4 93 226
4 94 187
4 95 241
4 96 86
4 97 113
4 98 184
4 99 179
5 0 130
5 1 242
5 2 145
5 3 39
5 4 158
5 5 124
5 6 112
5 7 127
5 8 35
5 9 222
5 10 75
5 11 113
5 12 81
5 13 195
5 14 157
5 15 162
5 16 27
5 17 135
5 18 236
5 19 36
5 20 62
5 21 247
5 22 203
5 23 62
5 24 155
5 25 84
5 26 252
5 27 229
5 28 203
5 29 83
5 30 23
5 31 101
5 32 121
5 33 198
5 34 88
5 35 2
5 36 92
5 37 200
5 38 156
5 39 187
5 40 12
5 41 90
5 42 163
5 43 14
5 44 102
5 45 214
5 46 229
5 47 58
5 48 161
5 49 62
5 50 164
5 51 208
5 52 30
5 53 96
5 54 23
5 55 52
5 56 112
5 57 163
5 58 149
5 59 178
5 60 153
5 61 36
5 62 61
5 63 103
5 64 119
5 65 122
5 66 13
5 67 222
5 68 181
5 69 15
5 70 235
5 71 80
5 72 194
5 73 219
5 74 132
5 75 85
5 76 226
5 77 36
5 78 203
5 79 138
5 80 76
5 81 32
5 82 0
5 83 122
5 84 241
5 85 12
5 86 184
5 87 162
5 88 179
5 89 116
5 90 64
5 91 34
5 92 170
5 93 78
5 94 253
5 95 7
5 96 46
5 97 234
5 98 188
5 99 135
6 0 108
6 1 63
6 2 83
6 3 152
6 4 101
6 5 201
6 6 179
6 7 136
6 8 100
6 9 164
6 10 129
6 11 122
6 12 63
6 13 172
6 14 109
6 15 147
6 16 179
6 17 28
6 18 108
6 19 237
6 20 162
6 21 52
6 22 144
6 23 188
6 24 153
6 25 188
6 26 124
6 27 45
6 28 14
6 29 89
6 30 12
6 31 170
6 32 104
6 33 167
6 34 198
6 35 41
6 36 206
6 37 67
6 38 191
6 39 182
6 40 243
6 41 146
6 42 3
6 43 144
6 44 206
6 45 68
6 46 10
6 47 30
6 48 91
6 49 84
6 50 93
6 51 6
6 52 192
6 53 49
6 54 243
6 55 66
6 56 200
6 57 247
6 58 253
6 59 68
6 60 209
6 61 163
6 62 118
6 63 53
6 64 196
6 65 200
6 66 119
6 67 4
6 68 108
6 69 218
6 70 136
6 71 40
6 72 176
6 73 208
6 74 6
6 75 254
6 76 66
6 77 7
6 78 228
6 79 96
6 80 238
6 81 7
6 82 203
6 83 197
6 84 200
6 85 253
6 86 25
6 87 235
6 88 202
6 89 114
6 90 31
6 91 183
6 92 97
6 93 67
6 94 99
6 95 125
6 96 106
6 97 51
6 98 253
6 99 149
7 0 128
7 1 225
7 2 56
7 3 4
7 4 182
7 5 59
7 6 10
7 7 26
7 8 17
7 9 129
7 10 42
7 11 84
7 12 175
7 13 74
7 14 68
7 15 218
7 16 87
7 17 83
7 18 223
7 19 97
7 20 184
7 21 177
7 22 7
7 23 154
7 24 203
7 25 214
7 26 98
7 27 97
7 28 227
7 29 154
7 30 141
7 31 154
7 32 92
7 33 69
7 34 32
7 35 123
7 36 229
7 37 57
7 38 166
7 39 36
7 40 167
7 41 71
7 42 215
7 43 36
7 44 139
7 45 46
7 46 89
7 47 145
7 48 196
7 49 73
7 50 228
7 51 253
7 52 83
7 53 250
7 54 78
7 55 189
7 56 178
7 57 66
7 58 100
7 59 54
7 60 193
7 61 168
7 62 71
7 63 171
7 64 210
7 65 118
7 66 55
7 67 51
7 68 208
7 69 159
7 70 48
7 71 159
7 72 253
7 73 196
7 74 120
7 75 146
7 76 74
7 77 97
7 78 71
7 79 135
7 80 12
7 81 180
7 82 179
7 83 49
7 84 48
7 85 218
7 86 232
7 87 49
7 88 219
7 89 1
7 90 218
7 91 54
7 92 254
7 93 180
7 94 31
7 95 172
7 96 42
7 97 245
7 98 10
7 99 171
8 0 59
8 1 121
8 2 233
8 3 208
8 4 183
8 5 43
8 6 154
8 7 115
8 8 187
8 9 158
8 10 43
8 11 67
8 12 59
8 13 133
8 14 176
8 15 114
8 16 130
8 17 83
8 18 136
8 19 104
8 20 15
8 21 59
8 22 168
8 23 181
8 24 45
8 25 115
8 26 198
8 27 212
8 28 103
8 29 194
8 30 131
8 31 18
8 32 130
8 33 213
8 34 121
8 35 163
8 36 214
8 37 69
8 38 160
8 39 135
8 40 212
8 41 6
8 42 117
8 43 43
8 44 206
8 45 235
8 46 106
8 47 153
8 48 224
8 49 161
8 50 48
8 51 69
8 52 230
8 53 71
8 54 57
8 55 41
8 56 63
8 57 144
8 58 236
8 59 106
8 60 203
8 61 22
8 62 36
8 63 43
8 64 11
8 65 107
8 66 48
8 67 59
8 68 69
8 69 11
8 70 245
8 71 125
8 72 10
8 73 96
8 74 169
8 75 192
8 76 121
8 77 9
8 78 203
8 79 125
8 80 170
8 81 111
8 82 139
8 83 210
8 84 159
8 85 39
8 86 154
8 87 241
8 88 142
8 89 25
8 90 151
8 91 232
8 92 88
8 93 233
8 94 167
8 95 140
8 96 90
8 97 17
8 98 22
8 99 115
9 0 9
9 1 123
9 2 242
9 3 102
9 4 143
9 5 119
9 6 52
9 7 23
9 8 55
9 9 178
9 10 173
9 11 74
9 12 238
9 13 108
9 14 87
9 15 117
9 16 42
9 17 100
9 18 151
9 19 183
9 20 51
9 21 35
9 22 49
9 23 103
9 24 187
9 25 204
9 26 191
9 27 20
9 28 68
9 29 188
9 30 136
9 31 112
9 32 156
9 33 230
9 34 110
9 35 17
9 36 113
9 37 3
9 38 170
9 39 193
9 40 23
9 41 1
9 42 19
9 43 146
9 44 141
9 45 126
9 46 249
9 47 85
9 48 236
9 49 221
9 50 195
9 51 210
9 52 243
9 53 170
9 54 185
9 55 89
9 56 100
9 57 202
9 58 192
9 59 63
9 60 188
9 61 28
9 62 54
9 63 194
9 64 36
9 65 237
9 66 237
9 67 135
9 68 151
9 69 109
9 70 82
9 71 238
9 72 88
9 73 116
9 74 50
9 75 158
9 76 88
9 77 194
9 78 22
9 79 9
9 80 114
9 81 108
9 82 65
9 83 19
9 84 163
9 85 72
9 86 28
9 87 38
9 88 37
9 89 75
9 90 232
9 91 107
9 92 42
9 93 221
9 94 156
9 95 76
9 96 4
9 97 158
9 98 122
9 99 184
10 0 254
10 1 157
10 2 34
10 3 7
10 4 114
10 5 252
10 6 151
10 7 131
10 8 213
10 9 226
10 10 56
10 11 41
10 12 84
10 13 93
10 14 43
10 15 50
10 16 169
10 17 217
10 18 239
10 19 77
10 20 192
10 21 33
10 22 180
10 23 191
10 24 159
10 25 142
10 26 132
10 27 251
10 28 104
10 29 158
10 30 56
10 31 9
10 32 177
10 33 27
10 34 101
10 35 250
10 36 229
10 37 148
10 38 4
10 39 226
10 40 68
10 41 137
10 42 199
10 43 99
10 44 127
10 45 200
10 46 228
10 47 26
10 48 234
10 49 238
10 50 192
10 51 85
10 52 193
10 53 181
10 54 60
10 55 23
10 56 192
10 57 225
10 58 143
10 59 164
10 60 35
10 61 167
10 62 159
10 63 237
10 64 140
10 65 232
10 66 193
10 67 72
10 68 120
10 69 60
10 70 29
10 71 224
10 72 163
10 73 12
10 74 10
10 75 64
10 76 233
10 77 214
10 78 34
10 79 111
10 80 211
10 81 228
10 82 55
10 83 30
10 84 20
10 85 143
10 86 33
10 87 61
10 88 120
10 89 125
10 90 201
10 91 28
10 92 87
10 93 135
10 94 31
10 95 183
10 96 88
10 97 48
10 98 131
10 99 88
11 0 175
11 1 227
11 2 189
11 3 99
11 4 43
11 5 5
11 6 208
11 7 95
11 8 150
11 9 152
11 10 17
11 11 34
11 12 31
11 13 228
11 14 11
11 15 179
11 16 65
11 17 219
11 18 194
11 19 188
11 20 99
11 21 25
11 22 132
11 23 49
11 24 91
11 25 127
11 26 156
11 27 195
11 28 151
11 29 185
11 30 216
11 31 138
11 32 18
11 33 104
11 34 152
11 35 226
11 36 254
11 37 176
11 38 59
11 39 153
11 40 74
11 41 94
11 42 210
11 43 209
11 44 170
11 45 97
11 46 236
11 47 118
11 48 110
11 49 137
11 50 125
11 51 8
11 52 212
11 53 179
11 54 28
11 55 130
11 56 192
11 57 103
11 58 112
11 59 21
11 60 39
11 61 198
11 62 41
11 63 226
11 64 82
11 65 22
11 66 110
11 67 110
11 68 147
11 69 46
11 70 49
11 71 22
11 72 21
11 73 140
11 74 152
11 75 7
11 76 170
11 77 169
11 78 58
11 79 182
11 80 240
11 81 126
11 82 183
11 83 143
11 84 174
11 85 199
11 86 253
11 87 229
11 88 181
11 89 171
11 90 6
11 91 147
11 92 112
11 93 115
11 94 207
11 95 25
11 96 154
11 97 142
11 98 186
11 99 136
12 0 110
12 1 101
12 2 245
12 3 216
12 4 62
12 5 118
12 6 84
12 7 127
12 8 87
12 9 2
12 10 129
12 11 100
12 12 237
12 13 67
12 14 116
12 15 198
12 16 4
12 17 67
12 18 122
12 19 178
12 20 159
12 21 199
12 22 181
12 23 146
12 24 164
12 25 52
12 26 113
12 27 205
12 28 7
12 29 28
12 30 61
12 31 131
12 32 91
12 33 18
12 34 236
12 35 198
12 36 232
12 37 97
12 38 214
12 39 82
12 40 100
12 41 142
12 42 47
12 43 35
12 44 56
12 45 233
12 46 134
12 47 22
12 48 232
12 49 241
12 50 162
12 51 202
12 52 3
12 53 47
12 54 29
12 55 143
12 56 89
12 57 145
12 58 165
12 59 201
12 60 198
12 61 138
12 62 142
12 63 208
12 64 121
12 65 207
12 66 142
12 67 69
12 68 67
12 69 236
12 70 179
12 71 85
12 72 163
12 73 42
12 74 96
12 75 157
12 76 40
12 77 160
12 78 187
12 79 151
12 80 130
12 81 92
12 82 243
12 83 235
12 84 58
12 85 118
12 86 129
12 87 126
12 88 152
12 89 65
12 90 205
12 91 178
12 92 107
12 93 129
12 94 186
12 95 6
12 96 125
12 97 164
12 98 19
12 99 25
13 0 20
13 1 18
13 2 65
13 3 69
13 4 176
13 5 8
13 6 100
13 7 248
13 8 172
13 9 108
13 10 80
13 11 116
13 12 127
13 13 221
13 14 97
13 15 25
13 16 134
13 17 229
13 18 241
13 19 231
13 20 60
13 21 151
13 22 119
13 23 125
13 24 131
13 25 95
13 26 86
13 27 55
13 28 95
13 29 111
13 30 149
13 31 87
13 32 124
13 33 247
13 34 201
13 35 231
13 36 154
13 37 246
13 38 206
13 39 131
13 40 210
13 41 4
13 42 195
13 43 173
13 44 71
13 45 69
13 46 15
13 47 102
13 48 163
13 49 66
13 50 69
13 51 77
13 52 102
13 53 228
13 54 222
13 55 40
13 56 226
13 57 78
13 58 241
13 59 183
13 60 106
13 61 63
13 62 117
13 63 77
13 64 149
13 65 236
13 66 98
13 67 12
13 68 107
13 69 68
13 70 182
13 71 21
13 72 150
13 73 224
13 74 229
13 75 48
13 76 177
13 77 93
13 78 252
13 79 224
13 80 192
13 81 10
13 82 163
13 83 82
13 84 139
13 85 206
13 86 204
13 87 17
13 88 222
13 89 44
13 90 15
13 91 133
13 92 194
13 93 53
13 94 191
13 95 219
13 96 113
13 97 14
13 98 163
13 99 169
14 0 252
14 1 163
14 2 32
14 3 108
14 4 29
14 5 157
14 6 212
14 7 222
14 8 223
14 9 174
14 10 113
14 11 175
14 12 226
14 13 155
14 14 110
14 15 177
14 16 208
14 17 84
14 18 51
14 19 59
14 20 126
14 21 216
14 22 208
14 23 44
14 24 210
14 25 59
14 26 227
14 27 10
14 28 188
14 29 207
14 30 126
14 31 193
14 32 135
14 33 198
14 34 165
14 35 229
14 36 100
14 37 39
14 38 163
14 39 47
14 40 163
14 41 229
14 42 90
14 43 89
14 44 140
14 45 232
14 46 41
14 47 42
14 48 158
14 49 86
14 50 246
14 51 144
14 52 128
14 53 210
14 54 22
14 55 19
14 56 184
14 57 139
14 58 22
14 59 134
14 60 163
14 61 65
14 62 64
14 63 240
14 64 171
14 65 99
14 66 83
14 67 155
14 68 160
14 69 64
14 70 190
14 71 27
14 72 28
14 73 139
14 74 219
14 75 115
14 76 203
14 77 225
14 78 169
14 79 31
14 80 23
14 81 132
14 82 232
14 83 5
14 84 217
14 85 166
14 86 24
14 87 52
14 88 38
14 89 18
14 90 149
14 91 113
14 92 82
14 93 40
14 94 35
14 95 175
14 96 58
14 97 132
14 98 218
14 99 210
15 0 134
15 1 3
15 2 126
15 3 245
15 4 145
15 5 176
15 6 63
15 7 207
15 8 215
15 9 103
15 10 75
15 11 170
15 12 4
15 13 166
15 14 122
15 15 62
15 16 44
15 17 202
15 18 223
15 19 248
15 20 141
15 21 186
15 22 50
15 23 48
15 24 46
15 25 249
15 26 142
15 27 12
15 28 183
15 29 127
15 30 51
15 31 100
15 32 163
15 33 154
15 34 138
15 35 243
15 36 64
15 37 59
15 38 17
15 39 82
15 40 144
15 41 0
15 42 202
15 43 166
15 44 35
15 45 172
15 46 45
15 47 198
15 48 76
15 49 206
15 50 166
15 51 128
15 52 136
15 53 141
15 54 12
15 55 169
15 56 40
15 57 200
15 58 244
15 59 29
15 60 73
15 61 66
15 62 148
15 63 29
15 64 151
15 65 5
15 66 108
15 67 42
15 68 246
15 69 252
15 70 39
15 71 235
15 72 69
15 73 75
15 74 49
15 75 96
15 76 248
15 77 249
15 78 133
15 79 248
15 80 77
15 81 142
15 82 60
15 83 136
15 84 159
15 85 59
15 86 66
15 87 62
15 88 89
15 89 170
15 90 66
15 91 254
15 92 107
15 93 210
15 94 190
15 95 205
15 96 143
15 97 197
15 98 169
15 99 229
16 0 163
16 1 133
16 2 184
16 3 240
16 4 74
16 5 203
16 6 195
16 7 95
16 8 25
16 9 226
16 10 224
16 11 78
16 12 198
16 13 72
16 14 200
16 15 74
16 16 186
16 17 215
16 18 209
16 19 169
16 20 12
16 21 243
16 22 231
16 23 86
16 24 40
16 25 85
16 26 44
16 27 7
16 28 107
16 29 169
16 30 177
16 31 78
16 32 168
16 33 10
16 34 19
16 35 101
16 36 212
16 37 172
16 38 206
16 39 147
16 40 68
16 41 167
16 42 9
16 43 68
16 44 223
16 45 223
16 46 10
16 47 64
16 48 20
16 49 119
16 50 1
16 51 215
16 52 1
16 53 191
16 54 247
16 55 252
16 56 90
16 57 38
16 58 64
16 59 77
16 60 85
16 61 151
16 62 51
16 63 124
16 64 210
16 65 137
16 66 189
16 67 115
16 68 244
16 69 63
16 70 252
16 71 95
16 72 48
16 73 185
16 74 101
16 75 98
16 76 46
16 77 216
16 78 246
16 79 95
16 80 227
16 81 187
16 82 162
16 83 17
16 84 139
16 85 2
16 86 32
16 87 46
16 88 0
16 89 129
16 90 56
16 91 189
16 92 233
16 93 175
16 94 129
16 95 0
16 96 121
16 97 71
16 98 200
16 99 188
17 0 20
17 1 141
17 2 90
17 3 20
17 4 130
17 5 80
17 6 130
17 7 98
17 8 30
17 9 92
17 10 73
17 11 17
17 12 78
17 13 247
17 14 144
17 15 140
17 16 239
17 17 86
17 18 179
17 19 250
17 20 120
17 21 41
17 22 130
17 23 168
17 24 237
17 25 199
17 26 113
17 27 147
17 28 182
17 29 80
17 30 64
17 31 57
17 32 211
17 33 124
17 34 69
17 35 135
17 36 97
17 37 217
17 38 223
17 39 158
17 40 43
17 41 214
17 42 230
17 43 136
17 44 65
17 45 225
17 46 250
17 47 164
17 48 177
17 49 113
17 50 179
17 51 34
17 52 130
17 53 33
17 54 20
17 55 36
17 56 90
17 57 219
17 58 97
17 59 19
17 60 85
17 61 92
17 62 125
17 63 161
17 64 58
17 65 160
17 66 232
17 67 59
17 68 105
17 69 20
17 70 17
17 71 97
17 72 9
17 73 203
17 74 29
17 75 217
17 76 199
17 77 70
17 78 180
17 79 84
17 80 235
17 81 9
17 82 174
17 83 162
17 84 89
17 85 5
17 86 27
17 87 109
17 88 118
17 89 20
17 90 216
17 91 231
17 92 230
17 93 80
17 94 108
17 95 173
17 96 60
17 97 216
17 98 204
17 99 195
18 0 76
18 1 158
18 2 9
18 3 122
18 4 209
18 5 28
18 6 40
18 7 26
18 8 157
18 9 54
18 10 85
18 11 119
18 12 245
18 13 22
18 14 205
18 15 140
18 16 178
18 17 151
18 18 160
18 19 33
18 20 74
18 21 71
18 22 237
18 23 61
18 24 243
18 25 215
18 26 246
18 27 113
18 28 2
18 29 237
18 30 96
18 31 216
18 32 62
18 33 131
18 34 11
18 35 133
18 36 60
18 37 134
18 38 232
18 39 192
18 40 88
18 41 182
18 42 79
18 43 133
18 44 157
18 45 21
18 46 135
18 47 176
18 48 2
18 49 56
18 50 50
18 51 136
18 52 15
18 53 220
18 54 131
18 55 251
18 56 141
18 57 93
18 58 22
18 59 4
18 60 173
18 61 56
18 62 232
18 63 1
18 64 109
18 65 18
18 66 187
18 67 149
18 68 89
18 69 246
18 70 88
18 71 153
18 72 63
18 73 6
18 74 248
18 75 180
18 76 114
18 77 109
18 78 214
18 79 247
18 80 174
18 81 14
18 82 27
18 83 52
18 84 80
18 85 5
18 86 17
18 87 137
18 88 221
18 89 168
18 90 246
18 91 121
18 92 238
18 93 124
18 94 205
18 95 239
18 96 236
18 97 41
18 98 187
18 99 179
19 0 215
19 1 126
19 2 194
19 3 192
19 4 99
19 5 194
19 6 168
19 7 199
19 8 165
19 9 29
19 10 222
19 11 84
19 12 30
19 13 228
19 14 25
19 15 118
19 16 11
19 17 15
19 18 72
19 19 9
19 20 191
19 21 88
19 22 96
19 23 206
19 24 229
19 25 145
19 26 190
19 27 29
19 28 30
19 29 233
19 30 7
19 31 166
19 32 55
19 33 126
19 34 217
19 35 182
19 36 0
19 37 84
19 38 112
19 39 141
19 40 180
19 41 245
19 42 223
19 43 218
19 44 33
19 45 41
19 46 157
19 47 64
19 48 218
19 49 119
19 50 97
19 51 66
19 52 188
19 53 187
19 54 213
19 55 120
19 56 44
19 57 27
19 58 47
19 59 172
19 60 162
19 61 167
19 62 100
19 63 44
19 64 10
19 65 114
19 66 127
19 67 145
19 68 144
19 69 12
19 70 111
19 71 202
19 72 52
19 73 50
19 74 145
19 75 207
19 76 152
19 77 33
19 78 70
19 79 191
19 80 112
19 81 50
19 82 100
19 83 201
19 84 213
19 85 215
19 86 11
19 87 221
19 88 157
19 89 44
19 90 31
19 91 66
19 92 197
19 93 70
19 94 4
19 95 82
19 96 81
19 97 245
19 98 85
19 99 13
20 0 72
20 1 71
20 2 196
20 3 219
20 4 227
20 5 65
20 6 103
20 7 92
20 8 158
20 9 144
20 10 242
20 11 223
20 12 103
20 13 185
20 14 209
20 15 102
20 16 212
20 17 140
20 18 36
20 19 18
20 20 101
20 21 241
20 22 130
20 23 61
20 24 227
20 25 209
20 26 183
20 27 233
20 28 238
20 29 3
20 30 122
20 31 59
20 32 78
20 33 31
20 34 104
20 35 13
20 36 90
20 37 229
20 38 78
20 39 82
20 40 207
20 41 186
20 42 68
20 43 34
20 44 41
20 45 100
20 46 42
20 47 247
20 48 148
20 49 131
20 50 177
20 51 22
20 52 253
20 53 204
20 54 22
20 55 62
20 56 136
20 57 240
20 58 160
20 59 186
20 60 163
20 61 100
20 62 26
20 63 53
20 64 140
20 65 67
20 66 27
20 67 74
20 68 3
20 69 31
20 70 85
20 71 206
20 72 68
20 73 8
20 74 24
20 75 115
20 76 172
20 77 144
20 78 118
20 79 228
20 80 252
20 81 123
20 82 220
20 83 1
20 84 151
20 85 191
20 86 115
20 87 143
20 88 240
20 89 206
20 90 6
20 91 85
20 92 31
20 93 189
20 94 135
20 95 177
20 96 59
20 97 75
20 98 233
20 99 246
21 0 10
21 1 191
21 2 19
21 3 17
21 4 149
21 5 32
21 6 107
21 7 85
21 8 253
21 9 132
21 10 22
21 11 39
21 12 186
21 13 99
21 14 27
21 15 51
21 16 167
21 17 54
21 18 46
21 19 225
21 20 181
21 21 155
21 22 223
21 23 40
21 24 32
21 25 100
21 26 183
21 27 250
21 28 190
21 29 201
21 30 16
21 31 19
21 32 106
21 33 33
21 34 14
21 35 170
21 36 69
21 37 100
21 38 32
21 39 168
21 40 214
21 41 177
21 42 92
21 43 82
21 44 70
21 45 134
21 46 148
21 47 185
21 48 153
21 49 161
21 50 154
21 51 41
21 52 199
21 53 37
21 54 53
21 55 220
21 56 185
21 57 55
21 58 79
21 59 55
21 60 22
21 61 214
21 62 12
21 63 149
21 64 226
21 65 93
21 66 203
21 67 119
21 68 181
21 69 14
21 70 13
21 71 231
21 72 91
21 73 243
21 74 246
21 75 92
21 76 165
21 77 146
21 78 66
21 79 152
21 80 149
21 81 182
21 82 74
21 83 246
21 84 94
21 85 78
21 86 54
21 87 165
21 88 218
21 89 92
21 90 191
21 91 70
21 92 11
21 93 128
21 94 65
21 95 41
21 96 75
21 97 128
21 98 229
21 99 41
22 0 180
22 1 25
22 2 124
22 3 174
22 4 34
22 5 50
22 6 53
22 7 188
22 8 134
22 9 80
22 10 80
22 11 103
22 12 238
22 13 50
22 14 223
22 15 129
22 16 4
22 17 219
22 18 76
22 19 1
22 20 223
22 21 46
22 22 207
22 23 32
22 24 246
22 25 10
22 26 185
22 27 200
22 28 74
22 29 173
22 30 76
22 31 251
22 32 181
22 33 20
22 34 238
22 35 63
22 36 111
22 37 39
22 38 63
22 39 213
22 40 240
22 41 37
22 42 101
22 43 223
22 44 166
22 45 227
22 46 147
22 47 31
22 48 137
22 49 104
22 50 68
22 51 163
22 52 119
22 53 94
22 54 99
22 55 121
22 56 208
22 57 166
22 58 150
22 59 73
22 60 89
22 61 131
22 62 131
22 63 171
22 64 143
22 65 25
22 66 87
22 67 157
22 68 24
22 69 126
22 70 45
22 71 183
22 72 35
22 73 61
22 74 116
22 75 154
22 76 185
22 77 91
22 78 27
22 79 8
22 80 232
22 81 85
22 82 133
22 83 160
22 84 232
22 85 55
22 86 43
22 87 171
22 88 133
22 89 11
22 90 7
22 91 73
22 92 153
22 93 46
22 94 169
22 95 207
22 96 214
22 97 214
22 98 235
22 99 218
23 0 153
23 1 172
23 2 70
23 3 133
23 4 22
23 5 149
23 6 158
23 7 182
23 8 96
23 9 67
23 10 26
23 11 247
23 12 31
23 13 186
23 14 68
23 15 239
23 16 57
23 17 81
23 18 27
23 19 33
23 20 154
23 21 168
23 22 243
23 23 117
23 24 27
23 25 127
23 26 168
23 27 98
23 28 177
23 29 0
23 30 115
23 31 137
23 32 112
23 33 190
23 34 237
23 35 144
23 36 73
23 37 123
23 38 127
23 39 61
23 40 127
23 41 85
23 42 52
23 43 146
23 44 199
23 45 252
23 46 155
23 47 197
23 48 192
23 49 161
23 50 18
23 51 117
23 52 27
23 53 141
23 54 161
23 55 57
23 56 198
23 57 104
23 58 247
23 59 21
23 60 26
23 61 67
23 62 86
23 63 39
23 64 26
23 65 47
23 66 52
23 67 141
23 68 150
23 69 13
23 70 250
23 71 197
23 72 42
23 73 125
23 74 111
23 75 188
23 76 236
23 77 191
23 78 135
23 79 154
23 80 173
23 81 163
23 82 227
23 83 253
23 84 145
23 85 45
23 86 199
23 87 120
23 88 235
23 89 216
23 90 149
23 91 70
23 92 47
23 93 136
23 94 87
23 95 119
23 96 48
23 97 42
23 98 91
23 99 98
24 0 165
24 1 185
24 2 58
24 3 165
24 4 205
24 5 114
24 6 88
24 7 247
24 8 141
24 9 15
24 10 63
24 11 182
24 12 156
24 13 206
24 14 151
24 15 41
24 16 76
24 17 75
24 18 179
24 19 143
24 20 252
24 21 35
24 22 93
24 23 201
24 24 91
24 25 238
24 26 179
24 27 101
24 28 119
24 29 116
24 30 91
24 31 24
24 32 29
24 33 120
24 34 19
24 35 152
24 36 105
24 37 9
24 38 194
24 39 143
24 40 130
24 41 166
24 42 250
24 43 56
24 44 177
24 45 47
24 46 218
24 47 46
24 48 118
24 49 139
24 50 65
24 51 157
24 52 163
24 53 198
24 54 20
24 55 198
24 56 230
24 57 254
24 58 186
24 59 197
24 60 88
24 61 79
24 62 63
24 63 190
24 64 175
24 65 117
24 66 9
24 67 63
24 68 31
24 69 20
24 70 48
24 71 239
24 72 31
24 73 176
24 74 133
24 75 254
24 76 29
24 77 210
24 78 65
24 79 26
24 80 62
24 81 70
24 82 107
24 83 51
24 84 172
24 85 33
24 86 69
24 87 252
24 88 142
24 89 205
24 90 248
24 91 106
24 92 147
24 93 18
24 94 182
24 95 3
24 96 8
24 97 67
24 98 158
24 99 27
25 0 26
25 1 46
25 2 170
25 3 88
25 4 3
25 5 67
25 6 51
25 7 240
25 8 228
25 9 224
25 10 105
25 11 241
25 12 131
25 13 133
25 14 186
25 15 147
25 16 5
25 17 146
25 18 212
25 19 137
25 20 236
25 21 38
25 22 91
25 23 198
25 24 47
25 25 113
25 26 182
25 27 160
25 28 72
25 29 44
25 30 106
25 31 202
25 32 148
25 33 58
25 34 72
25 35 118
25 36 209
25 37 9
25 38 7
25 39 187
25 40 0
25 41 28
25 42 133
25 43 152
25 44 61
25 45 236
25 46 170
25 47 189
25 48 30
25 49 226
25 50 192
25 51 56
25 52 92
25 53 223
25 54 106
25 55 120
25 56 168
25 57 245
25 58 152
25 59 234
25 60 99
25 61 127
25 62 180
25 63 43
25 64 178
25 65 249
25 66 117
25 67 190
25 68 185
25 69 203
25 70 188
25 71 250
25 72 112
25 73 129
25 74 226
25 75 186
25 76 189
25 77 168
25 78 31
25 79 217
25 80 197
25 81 132
25 82 7
25 83 239
25 84 209
25 85 160
25 86 223
25 87 164
25 88 82
25 89 89
25 90 50
25 91 79
25 92 181
25 93 38
25 94 204
25 95 157
25 96 217
25 97 84
25 98 235
25 99 67
26 0 9
26 1 130
26 2 175
26 3 28
26 4 99
26 5 42
26 6 125
26 7 251
26 8 252
26 9 180
26 10 38
26 11 22
26 12 67
26 13 175
26 14 202
26 15 28
26 16 67
26 17 117
26 18 232
26 19 242
26 20 146
26 21 63
26 22 130
26 23 228
26 24 12
26 25 95
26 26 116
26 27 153
26 28 96
26 29 43
26 30 94
26 31 53
26 32 97
26 33 182
26 34 40
26 35 15
26 36 13
26 37 178
26 38 17
26 39 18
26 40 251
26 41 5
26 42 198
26 43 193
26 44 237
26 45 118
26 46 129
26 47 89
26 48 26
26 49 145
26 50 16
26 51 121
26 52 165
26 53 163
26 54 172
26 55 87
26 56 239
26 57 148
26 58 214
26 59 134
26 60 88
26 61 109
26 62 45
26 63 183
26 64 56
26 65 224
26 66 95
26 67 93
26 68 95
26 69 237
26 70 123
26 71 213
26 72 82
26 73 156
26 74 161
26 75 98
26 76 9
26 77 195
26 78 81
26 79 106
26 80 159
26 81 48
26 82 168
26 83 239
26 84 58
26 85 211
26 86 16
26 87 14
26 88 99
26 89 210
26 90 49
26 91 254
26 92 85
26 93 171
26 94 118
26 95 234
26 96 29
26 97 152
26 98 237
26 99 166
27 0 10
27 1 7
27 2 189
27 3 18
27 4 202
27 5 158
27 6 122
27 7 119
27 8 34
27 9 112
27 10 253
27 11 227
27 12 103
27 13 194
27 14 240
27 15 187
27 16 134
27 17 222
27 18 108
27 19 46
27 20 160
27 21 237
27 22 154
27 23 40
27 24 146
27 25 109
27 26 80
27 27 107
27 28 103
27 29 233
27 30 174
27 31 181
27 32 102
27 33 219
27 34 219
27 35 98
27 36 248
27 37 54
27 38 89
27 39 11
27 40 250
27 41 141
27 42 88
27 43 111
27 44 24
27 45 36
27 46 118
27 47 122
27 48 220
27 49 223
27 50 175
27 51 86
27 52 184
27 53 195
27 54 214
27 55 213
27 56 204
27 57 25
27 58 40
27 59 123
27 60 114
27 61 147
27 62 95
27 63 75
27 64 22
27 65 246
27 66 11
27 67 115
27 68 31
27 69 153
27 70 203
27 71 205
27 72 237
27 73 210
27 74 131
27 75 136
27 76 152
27 77 143
27 78 62
27 79 63
27 80 129
27 81 225
27 82 162
27 83 139
27 84 131
27 85 215
27 86 152
27 87 8
27 88 239
27 89 133
27 90 168
27 91 167
27 92 197
27 93 151
27 94 49
27 95 192
27 96 78
27 97 152
27 98 81
27 99 149
28 0 55
28 1 1
28 2 34
28 3 115
28 4 36
28 5 147
28 6 157
28 7 38
28 8 164
28 9 245
28 10 139
28 11 231
28 12 243
28 13 227
28 14 142
28 15 117
28 16 35
28 17 177
28 18 209
28 19 165
28 20 242
28 21 122
28 22 35
28 23 162
28 24 8
28 25 130
28 26 170
28 27 54
28 28 125
28 29 131
28 30 224
28 31 64
28 32 192
28 33 10
28 34 133
28 35 5
28 36 237
28 37 98
28 38 214
28 39 114
28 40 165
28 41 141
28 42 40
28 43 36
28 44 76
28 45 174
28 46 219
28 47 67
28 48 37
28 49 45
28 50 254
28 51 55
28 52 162
28 53 229
28 54 137
28 55 236
28 56 208
28 57 228
28 58 1
28 59 79
28 60 169
28 61 164
28 62 3
28 63 214
28 64 241
28 65 139
28 66 253
28 67 95
28 68 83
28 69 59
28 70 84
28 71 140
28 72 57
28 73 199
28 74 254
28 75 166
28 76 158
28 77 174
28 78 113
28 79 120
28 80 4
28 81 234
28 82 231
28 83 113
28 84 144
28 85 146
28 86 35
28 87 253
28 88 238
28 89 254
28 90 37
28 91 25
28 92 124
28 93 224
28 94 98
28 95 26
28 96 93
28 97 206
28 98 182
28 99 125
29 0 15
29 1 149
29 2 247
29 3 210
29 4 126
29 5 148
29 6 218
29 7 179
29 8 243
29 9 82
29 10 28
29 11 191
29 12 74
29 13 72
29 14 192
29 15 106
29 16 187
29 17 187
29 18 241
29 19 124
29 20 132
29 21 26
29 22 244
29 23 42
29 24 3
29 25 243
29 26 110
29 27 113
29 28 254
29 29 219
29 30 123
29 31 123
29 32 199
29 33 56
29 34 168
29 35 112
29 36 237
29 37 100
29 38 55
29 39 153
29 40 133
29 41 110
29 42 28
29 43 199
29 44 221
29 45 47
29 46 37
29 47 95
29 48 58
29 49 250
29 50 129
29 51 211
29 52 239
29 53 126
29 54 88
29 55 76
29 56 92
29 57 219
29 58 205
29 59 235
29 60 135
29 61 115
29 62 55
29 63 131
29 64 37
29 65 24
29 66 86
29 67 118
29 68 28
29 69 82
29 70 43
29 71 81
29 72 212
29 73 140
29 74 170
29 75 62
29 76 171
29 77 47
29 78 107
29 79 26
29 80 36
29 81 86
29 82 80
29 83 1
29 84 144
29 85 125
29 86 50
29 87 112
29 88 217
29 89 178
29 90 103
29 91 122
29 92 3
29 93 117
29 94 60
29 95 51
29 96 191
29 97 203
29 98 166
29 99 178
30 0 203
30 1 217
30 2 43
30 3 58
30 4 212
30 5 203
30 6 231
30 7 243
30 8 244
30 9 38
30 10 37
30 11 234
30 12 83
30 13 182
30 14 151
30 15 220
30 16 240
30 17 10
30 18 185
30 19 211
30 20 211
30 21 222
30 22 46
30 23 28
30 24 184
30 25 184
30 26 78
30 27 94
30 28 76
30 29 248
30 30 155
30 31 24
30 32 246
30 33 235
30 34 229
30 35 203
30 36 103
30 37 39
30 38 250
30 39 98
30 40 163
30 41 240
30 42 134
30 43 146
30 44 199
30 45 248
30 46 115
30 47 17
30 48 214
30 49 249
30 50 171
30 51 59
30 52 77
30 53 167
30 54 131
30 55 113
30 56 10
30 57 209
30 58 61
30 59 147
30 60 55
30 61 81
30 62 111
30 63 18
30 64 127
30 65 69
30 66 163
30 67 172
30 68 169
30 69 245
30 70 192
30 71 56
30 72 226
30 73 5
30 74 217
30 75 104
30 76 54
30 77 102
30 78 236
30 79 99
30 80 74
30 81 75
30 82 70
30 83 231
30 84 83
30 85 157
30 86 186
30 87 232
30 88 214
30 89 143
30 90 6
30 91 136
30 92 107
30 93 204
30 94 149
30 95 83
30 96 60
30 97 56
30 98 112
30 99 100
31 0 105
31 1 43
31 2 247
31 3 148
31 4 131
31 5 87
31 6 95
31 7 190
31 8 11
31 9 187
31 10 32
31 11 21
31 12 65
31 13 2
31 14 148
31 15 231
31 16 98
31 17 131
31 18 10
31 19 64
31 20 39
31 21 47
31 22 54
31 23 154
31 24 165
31 25 211
31 26 248
31 27 205
31 28 106
31 29 203
31 30 17
31 31 203
31 32 2
31 33 22
31 34 196
31 35 9
31 36 185
31 37 119
31 38 97
31 39 92
31 40 227
31 41 57
31 42 136
31 43 163
31 44 117
31 45 51
31 46 131
31 47 201
31 48 125
31 49 117
31 50 11
31 51 39
31 52 13
31 53 9
31 54 36
31 55 102
31 56 253
31 57 161
31 58 29
31 59 154
31 60 32
31 61 223
31 62 10
31 63 19
31 64 167
31 65 219
31 66 160
31 67 77
31 68 107
31 69 186
31 70 202
31 71 28
31 72 198
31 73 6
31 74 104
31 75 103
31 76 238
31 77 179
31 78 35
31 79 126
31 80 95
31 81 93
31 82 47
31 83 232
31 84 207
31 85 130
31 86 117
31 87 26
31 88 120
31 89 229
31 90 4
31 91 6
31 92 42
31 93 13
31 94 212
31 95 40
31 96 90
31 97 133
31 98 136
31 99 15
32 0 47
32 1 30
32 2 90
32 3 88
32 4 40
32 5 147
32 6 219
32 7 178
32 8 198
32 9 163
32 10 230
32 11 6
32 12 221
32 13 219
32 14 13
32 15 116
32 16 59
32 17 114
32 18 77
32 19 99
32 20 52
32 21 59
32 22 222
32 23 59
32 24 164
32 25 147
32 26 204
32 27 219
32 28 155
32 29 66
32 30 81
32 31 14
32 32 137
32 33 77
32 34 232
32 35 176
32 36 250
32 37 145
32 38 166
32 39 66
32 40 96
32 41 223
32 42 91
32 43 145
32 44 52
32 45 105
32 46 102
32 47 72
32 48 13
32 49 45
32 50 243
32 51 76
32 52 22
32 53 32
32 54 147
32 55 224
32 56 218
32 57 129
32 58 98
32 59 241
32 60 0
32 61 165
32 62 201
32 63 16
32 64 235
32 65 247
32 66 88
32 67 88
32 68 131
32 69 174
32 70 243
32 71 160
32 72 67
32 73 135
32 74 77
32 75 65
32 76 18
32 77 34
32 78 19
32 79 121
32 80 206
32 81 81
32 82 243
32 83 244
32 84 61
32 85 49
32 86 189
32 87 36
32 88 201
32 89 208
32 90 168
32 91 12
32 92 49
32 93 246
32 94 183
32 95 254
32 96 168
32 97 96
32 98 174
32 99 125
33 0 211
33 1 189
33 2 208
33 3 218
33 4 54
33 5 126
33 6 108
33 7 220
33 8 177
33 9 250
33 10 83
33 11 233
33 12 236
33 13 4
33 14 190
33 15 208
33 16 49
33 17 184
33 18 176
33 19 205
33 20 235
33 21 50
33 22 223
33 23 199
33 24 229
33 25 128
33 26 243
33 27 62
33 28 23
33 29 235
33 30 17
33 31 221
33 32 201
33 33 109
33 34 21
33 35 30
33 36 42
33 37 139
33 38 108
33 39 223
33 40 20
33 41 155
33 42 125
33 43 119
33 44 12
33 45 147
33 46 232
33 47 94
33 48 118
33 49 134
33 50 24
33 51 109
33 52 29
33 53 160
33 54 57
33 55 121
33 56 30
33 57 235
33 58 249
33 59 167
33 60 33
33 61 232
33 62 99
33 63 53
33 64 115
33 65 117
33 66 44
33 67 158
33 68 139
33 69 5
33 70 92
33 71 237
33 72 86
33 73 33
33 74 94
33 75 222
33 76 97
33 77 198
33 78 88
33 79 126
33 80 4
33 81 159
33 82 21
33 83 109
33 84 73
33 85 20
33 86 153
33 87 235
33 88 24
33 89 125
33 90 127
33 91 87
33 92 96
33 93 210
33 94 143
33 95 187
33 96 236
33 97 216
33 98 175
33 99 8
34 0 99
34 1 10
34 2 194
34 3 165
34 4 34
34 5 90
34 6 219
34 7 156
34 8 232
34 9 92
34 10 67
34 11 121
34 12 224
34 13 188
34 14 35
34 15 20
34 16 57
34 17 39
34 18 212
34 19 2
34 20 64
34 21 4
34 22 198
34 23 64
34 24 125
34 25 135
34 26 141
34 27 143
34 28 184
34 29 250
34 30 207
34 31 129
34 32 74
34 33 15
34 34 139
34 35 5
34 36 215
34 37 20
34 38 97
34 39 81
34 40 34
34 41 253
34 42 60
34 43 167
34 44 75
34 45 67
34 46 71
34 47 211
34 48 150
34 49 69
34 50 197
34 51 84
34 52 177
34 53 131
34 54 225
34 55 125
34 56 201
34 57 170
34 58 154
34 59 46
34 60 195
34 61 35
34 62 202
34 63 119
34 64 71
34 65 110
34 66 250
34 67 152
34 68 196
34 69 99
34 70 246
34 71 38
34 72 227
34 73 194
34 74 232
34 75 208
34 76 243
34 77 75
34 78 223
34 79 45
34 80 16
34 81 18
34 82 61
34 83 189
34 84 177
34 85 185
34 86 188
34 87 158
34 88 157
34 89 248
34 90 101
34 91 45
34 92 117
34 93 58
34 94 240
34 95 88
34 96 143
34 97 104
34 98 57
34 99 9
35 0 213
35 1 7
35 2 68
35 3 88
35 4 14
35 5 56
35 6 140
35 7 72
35 8 172
35 9 160
35 10 159
35 11 5
35 12 166
35 13 147
35 14 242
35 15 196
35 16 235
35 17 162
35 18 187
35 19 167
35 20 183
35 21 49
35 22 211
35 23 231
35 24 210
35 25 2
35 26 135
35 27 168
35 28 131
35 29 101
35 30 161
35 31 89
35 32 173
35 33 19
35 34 197
35 35 195
35 36 25
35 37 232
35 38 86
35 39 197
35 40 13
35 41 138
35 42 42
35 43 174
35 44 117
35 45 226
35 46 24
35 47 157
35 48 49
35 49 181
35 50 182
35 51 94
35 52 3
35 53 215
35 54 220
35 55 133
35 56 234
35 57 74
35 58 115
35 59 121
35 60 201
35 61 206
35 62 204
35 63 115
35 64 62
35 65 181
35 66 241
35 67 253
35 68 139
35 69 39
35 70 86
35 71 126
35 72 82
35 73 95
35 74 126
35 75 148
35 76 112
35 77 121
35 78 40
35 79 165
35 80 94
35 81 145
35 82 228
35 83 141
35 84 125
35 85 211
35 86 96
35 87 203
35 88 176
35 89 220
35 90 149
35 91 64
35 92 27
35 93 79
35 94 44
35 95 67
35 96 92
35 97 250
35 98 3
35 99 80
36 0 199
36 1 121
36 2 232
36 3 13
36 4 54
36 5 60
36 6 112
36 7 33
36 8 72
36 9 175
36 10 109
36 11 74
36 12 163
36 13 213
36 14 205
36 15 222
36 16 10
36 17 224
36 18 14
36 19 154
36 20 139
36 21 224
36 22 72
36 23 47
36 24 158
36 25 30
36 26 86
36 27 237
36 28 181
36 29 232
36 30 201
36 31 227
36 32 234
36 33 208
36 34 247
36 35 233
36 36 208
36 37 45
36 38 6
36 39 50
36 40 92
36 41 72
36 42 197
36 43 3
36 44 116
36 45 186
36 46 68
36 47 132
36 48 233
36 49 217
36 50 246
36 51 245
36 52 178
36 53 192
36 54 95
36 55 162
36 56 236
36 57 220
36 58 28
36 59 114
36 60 236
36 61 113
36 62 210
36 63 205
36 64 114
36 65 189
36 66 60
36 67 223
36 68 204
36 69 198
36 70 186
36 71 154
36 72 122
36 73 172
36 74 75
36 75 240
36 76 61
36 77 16
36 78 89
36 79 90
36 80 15
36 81 44
36 82 101
36 83 110
36 84 89
36 85 29
36 86 184
36 87 8
36 88 80
36 89 201
36 90 32
36 91 161
36 92 72
36 93 65
36 94 25
36 95 192
36 96 245
36 97 15
36 98 128
36 99 199
37 0 226
37 1 125
37 2 62
37 3 126
37 4 116
37 5 141
37 6 171
37 7 23
37 8 34
37 9 219
37 10 211
37 11 235
37 12 123
37 13 88
37 14 44
37 15 200
37 16 126
37 17 24
37 18 161
37 19 236
37 20 181
37 21 175
37 22 250
37 23 19
37 24 119
37 25 170
37 26 68
37 27 187
37 28 48
37 29 9
37 30 89
37 31 160
37 32 170
37 33 196
37 34 11
37 35 108
37 36 141
37 37 36
37 38 190
37 39 141
37 40 253
37 41 46
37 42 73
37 43 238
37 44 151
37 45 181
37 46 78
37 47 82
37 48 248
37 49 57
37 50 218
37 51 226
37 52 217
37 53 7
37 54 68
37 55 68
37 56 91
37 57 21
37 58 76
37 59 97
37 60 114
37 61 38
37 62 9
37 63 19
37 64 74
37 65 181
37 66 98
37 67 26
37 68 154
37 69 153
37 70 91
37 71 45
37 72 118
37 73 67
37 74 236
37 75 128
37 76 234
37 77 19
37 78 138
37 79 74
37 80 48
37 81 159
37 82 80
37 83 96
37 84 54
37 85 122
37 86 12
37 87 125
37 88 246
37 89 235
37 90 173
37 91 10
37 92 66
37 93 37
37 94 159
37 95 95
37 96 253
37 97 4
37 98 84
37 99 213
38 0 33
38 1 64
38 2 17
38 3 171
38 4 133
38 5 50
38 6 204
38 7 183
38 8 191
38 9 33
38 10 70
38 11 96
38 12 67
38 13 169
38 14 54
38 15 160
38 16 208
38 17 228
38 18 219
38 19 150
38 20 92
38 21 191
38 22 251
38 23 120
38 24 226
38 25 11
38 26 183
38 27 107
38 28 34
38 29 77
38 30 194
38 31 145
38 32 178
38 33 232
38 34 167
38 35 178
38 36 0
38 37 125
38 38 25
38 39 20
38 40 246
38 41 186
38 42 78
38 43 25
38 44 15
38 45 133
38 46 109
38 47 190
38 48 89
38 49 143
38 50 58
38 51 169
38 52 212
38 53 132
38 54 229
38 55 215
38 56 96
38 57 109
38 58 155
38 59 23
38 60 149
38 61 87
38 62 137
38 63 19
38 64 20
38 65 128
38 66 225
38 67 76
38 68 237
38 69 225
38 70 24
38 71 50
38 72 211
38 73 247
38 74 254
38 75 124
38 76 49
38 77 75
38 78 115
38 79 138
38 80 58
38 81 7
38 82 239
38 83 49
38 84 169
38 85 113
38 86 126
38 87 98
38 88 218
38 89 37
38 90 166
38 91 201
38 92 3
38 93 101
38 94 57
38 95 80
38 96 213
38 97 1
38 98 156
38 99 169
39 0 233
39 1 8
39 2 12
39 3 7
39 4 109
39 5 202
39 6 8
39 7 115
39 8 89
39 9 16
39 10 60
39 11 180
39 12 246
39 13 100
39 14 26
39 15 177
39 16 182
39 17 45
39 18 34
39 19 121
39 20 106
39 21 52
39 22 76
39 23 134
39 24 147
39 25 252
39 26 129
39 27 172
39 28 248
39 29 179
39 30 167
39 31 234
39 32 148
39 33 193
39 34 236
39 35 238
39 36 178
39 37 85
39 38 4
39 39 92
39 40 87
39 41 178
39 42 246
39 43 115
39 44 15
39 45 178
39 46 35
39 47 147
39 48 73
39 49 41
39 50 77
39 51 141
39 52 93
39 53 36
39 54 25
39 55 161
39 56 10
39 57 144
39 58 175
39 59 248
39 60 162
39 61 141
39 62 40
39 63 2
39 64 251
39 65 125
39 66 78
39 67 182
39 68 250
39 69 49
39 70 224
39 71 198
39 72 224
39 73 190
39 74 218
39 75 58
39 76 41
39 77 65
39 78 216
39 79 146
39 80 229
39 81 7
39 82 200
39 83 213
39 84 209
39 85 188
39 86 74
39 87 6
39 88 107
39 89 229
39 90 71
39 91 213
39 92 218
39 93 226
39 94 249
39 95 137
39 96 91
39 97 151
39 98 150
39 99 85
40 0 111
40 1 249
40 2 16
40 3 27
40 4 66
40 5 136
40 6 231
40 7 165
40 8 35
40 9 154
40 10 162
40 11 168
40 12 202
40 13 74
40 14 84
40 15 194
40 16 163
40 17 182
40 18 82
40 19 128
40 20 143
40 21 126
40 22 166
40 23 174
40 24 146
40 25 101
40 26 169
40 27 79
40 28 179
40 29 21
40 30 238
40 31 107
40 32 191
40 33 206
40 34 111
40 35 155
40 36 166
40 37 3
40 38 37
40 39 135
40 40 178
40 41 245
40 42 146
40 43 54
40 44 248
40 45 104
40 46 58
40 47 127
40 48 168
40 49 217
40 50 118
40 51 52
40 52 132
40 53 24
40 54 228
40 55 90
40 56 176
40 57 40
40 58 214
40 59 35
40 60 171
40 61 191
40 62 164
40 63 13
40 64 71
40 65 116
40 66 114
40 67 237
40 68 192
40 69 6
40 70 175
40 71 193
40 72 190
40 73 229
40 74 12
40 75 0
40 76 24
40 77 181
40 78 89
40 79 10
40 80 252
40 81 87
40 82 195
40 83 94
40 84 39
40 85 103
40 86 55
40 87 239
40 88 181
40 89 32
40 90 245
40 91 106
40 92 78
40 93 202
40 94 177
40 95 100
40 96 249
40 97 236
40 98 237
40 99 105
41 0 6
41 1 46
41 2 23
41 3 5
41 4 88
41 5 181
41 6 91
41 7 252
41 8 235
41 9 176
41 10 154
41 11 241
41 12 44
41 13 214
41 14 11
41 15 180
41 16 84
41 17 144
41 18 121
41 19 160
41 20 2
41 21 84
41 22 250
41 23 37
41 24 62
41 25 250
41 26 49
41 27 209
41 28 128
41 29 87
41 30 133
41 31 170
41 32 234
41 33 203
41 34 158
41 35 48
41 36 248
41 37 112
41 38 248
41 39 177
41 40 152
41 41 157
41 42 129
41 43 183
41 44 81
41 45 146
41 46 77
41 47 122
41 48 119
41 49 193
41 50 96
41 51 79
41 52 243
41 53 3
41 54 203
41 55 10
41 56 172
41 57 250
41 58 11
41 59 116
41 60 102
41 61 214
41 62 185
41 63 196
41 64 103
41 65 15
41 66 77
41 67 27
41 68 112
41 69 64
41 70 200
41 71 210
41 72 74
41 73 71
41 74 70
41 75 202
41 76 20
41 77 111
41 78 106
41 79 28
41 80 238
41 81 136
41 82 231
41 83 22
41 84 37
41 85 232
41 86 253
41 87 219
41 88 226
41 89 154
41 90 203
41 91 18
41 92 159
41 93 40
41 94 181
41 95 46
41 96 238
41 97 129
41 98 111
41 99 62
42 0 250
42 1 231
42 2 11
42 3 101
42 4 242
42 5 43
42 6 192
42 7 14
42 8 78
42 9 128
42 10 132
42 11 55
42 12 152
42 13 254
42 14 169
42 15 9
42 16 34
42 17 210
42 18 86
42 19 165
42 20 149
42 21 247
42 22 243
42 23 88
42 24 74
42 25 192
42 26 105
42 27 68
42 28 114
42 29 143
42 30 45
42 31 230
42 32 13
42 33 198
42 34 215
42 35 88
42 36 231
42 37 134
42 38 185
42 39 54
42 40 189
42 41 137
42 42 44
42 43 34
42 44 221
42 45 224
42 46 214
42 47 247
42 48 237
42 49 163
42 50 145
42 51 99
42 52 133
42 53 36
42 54 93
42 55 11
42 56 32
42 57 130
42 58 42
42 59 71
42 60 19
42 61 51
42 62 116
42 63 212
42 64 250
42 65 193
42 66 212
42 67 131
42 68 24
42 69 144
42 70 185
42 71 57
42 72 201
42 73 103
42 74 93
42 75 142
42 76 247
42 77 45
42 78 96
42 79 127
42 80 132
42 81 176
42 82 159
42 83 185
42 84 55
42 85 188
42 86 226
42 87 44
42 88 3
42 89 233
42 90 51
42 91 221
42 92 249
42 93 215
42 94 9
42 95 183
42 96 70
42 97 39
42 98 118
42 99 141
43 0 88
43 1 46
43 2 88
43 3 99
43 4 186
43 5 157
43 6 160
43 7 116
43 8 144
43 9 181
43 10 228
43 11 149
43 12 106
43 13 160
43 14 13
43 15 105
43 16 213
43 17 155
43 18 5
43 19 175
43 20 235
43 21 74
43 22 116
43 23 116
43 24 82
43 25 103
43 26 235
43 27 23
43 28 16
43 29 69
43 30 172
43 31 41
43 32 164
43 33 103
43 34 90
43 35 136
43 36 17
43 37 37
43 38 82
43 39 213
43 40 45
43 41 221
43 42 133
43 43 244
43 44 96
43 45 97
43 46 129
43 47 138
43 48 230
43 49 150
43 50 7
43 51 230
43 52 119
43 53 78
43 54 104
43 55 67
43 56 238
43 57 119
43 58 70
43 59 211
43 60 134
43 61 18
43 62 202
43 63 16
43 64 230
43 65 231
43 66 161
43 67 29
43 68 76
43 69 24
43 70 239
43 71 78
43 72 238
43 73 172
43 74 80
43 75 77
43 76 171
43 77 210
43 78 127
43 79 37
43 80 167
43 81 118
43 82 77
43 83 213
43 84 4
43 85 235
43 86 232
43 87 252
43 88 206
43 89 96
43 90 114
43 91 54
43 92 80
43 93 203
43 94 176
43 95 162
43 96 147
43 97 23
43 98 93
43 99 213
44 0 141
44 1 189
44 2 190
44 3 106
44 4 132
44 5 98
44 6 168
44 7 19
44 8 147
44 9 75
44 10 228
44 11 78
44 12 146
44 13 223
44 14 60
44 15 187
44 16 6
44 17 124
44 18 106
44 19 109
44 20 45
44 21 152
44 22 25
44 23 57
44 24 165
44 25 168
44 26 161
44 27 244
44 28 213
44 29 45
44 30 93
44 31 115
44 32 54
44 33 35
44 34 14
44 35 177
44 36 166
44 37 220
44 38 163
44 39 137
44 40 153
44 41 63
44 42 167
44 43 108
44 44 181
44 45 152
44 46 234
44 47 69
44 48 110
44 49 99
44 50 222
44 51 102
44 52 100
44 53 36
44 54 25
44 55 27
44 56 234
44 57 149
44 58 120
44 59 38
44 60 38
44 61 171
44 62 196
44 63 177
44 64 5
44 65 12
44 66 123
44 67 3
44 68 113
44 69 118
44 70 113
44 71 246
44 72 76
44 73 156
44 74 36
44 75 226
44 76 86
44 77 109
44 78 30
44 79 180
44 80 182
44 81 180
44 82 208
44 83 87
44 84 227
44 85 111
44 86 227
44 87 216
44 88 137
44 89 108
44 90 116
44 91 154
44 92 197
44 93 21
44 94 4
44 95 254
44 96 100
44 97 38
44 98 198
44 99 104
45 0 101
45 1 218
45 2 20
45 3 139
45 4 242
45 5 26
45 6 147
45 7 104
45 8 20
45 9 222
45 10 86
45 11 68
45 12 137
45 13 98
45 14 231
45 15 150
45 16 180
45 17 11
45 18 143
45 19 217
45 20 165
45 21 196
45 22 167
45 23 60
45 24 135
45 25 250
45 26 110
45 27 227
45 28 212
45 29 245
45 30 131
45 31 117
45 32 132
45 33 136
45 34 27
45 35 61
45 36 64
45 37 43
45 38 182
45 39 79
45 40 232
45 41 209
45 42 231
45 43 168
45 44 76
45 45 170
45 46 137
45 47 154
45 48 72
45 49 24
45 50 111
45 51 9
45 52 164
45 53 228
45 54 151
45 55 46
45 56 181
45 57 46
45 58 199
45 59 153
45 60 90
45 61 95
45 62 150
45 63 251
45 64 21
45 65 9
45 66 205
45 67 27
45 68 43
45 69 239
45 70 96
45 71 213
45 72 101
45 73 201
45 74 80
45 75 182
45 76 108
45 77 230
45 78 249
45 79 200
45 80 202
45 81 186
45 82 9
45 83 127
45 84 216
45 85 204
45 86 71
45 87 134
45 88 206
45 89 180
45 90 90
45 91 8
45 92 134
45 93 170
45 94 213
45 95 59
45 96 115
45 97 0
45 98 105
45 99 145
46 0 110
46 1 31
46 2 27
46 3 187
46 4 10
46 5 51
46 6 203
46 7 142
46 8 40
46 9 190
46 10 114
46 11 100
46 12 149
46 13 56
46 14 223
46 15 33
46 16 70
46 17 114
46 18 34
46 19 112
46 20 123
46 21 110
46 22 204
46 23 202
46 24 4
46 25 56
46 26 89
46 27 238
46 28 123
46 29 100
46 30 14
46 31 82
46 32 60
46 33 193
46 34 63
46 35 34
46 36 205
46 37 251
46 38 227
46 39 0
46 40 97
46 41 254
46 42 107
46 43 120
46 44 63
46 45 29
46 46 240
46 47 47
46 48 163
46 49 62
46 50 115
46 51 96
46 52 246
46 53 76
46 54 152
46 55 174
46 56 184
46 57 47
46 58 126
46 59 114
46 60 203
46 61 219
46 62 65
46 63 151
46 64 218
46 65 240
46 66 122
46 67 35
46 68 127
46 69 13
46 70 230
46 71 156
46 72 71
46 73 102
46 74 10
46 75 131
46 76 105
46 77 17
46 78 111
46 79 79
46 80 101
46 81 88
46 82 95
46 83 239
46 84 250
46 85 230
46 86 120
46 87 71
46 88 20
46 89 127
46 90 16
46 91 98
46 92 174
46 93 200
46 94 26
46 95 90
46 96 185
46 97 149
46 98 185
46 99 235
47 0 126
47 1 31
47 2 128
47 3 57
47 4 109
47 5 173
47 6 11
47 7 19
47 8 213
47 9 85
47 10 23
47 11 197
47 12 159
47 13 18
47 14 5
47 15 162
47 16 141
47 17 165
47 18 3
47 19 163
47 20 56
47 21 240
47 22 130
47 23 153
47 24 41
47 25 245
47 26 147
47 27 11
47 28 243
47 29 92
47 30 136
47 31 91
47 32 213
47 33 53
47 34 168
47 35 57
47 36 234
47 37 237
47 38 123
47 39 0
47 40 193
47 41 134
47 42 83
47 43 45
47 44 220
47 45 202
47 46 149
47 47 186
47 48 186
47 49 50
47 50 117
47 51 158
47 52 90
47 53 156
47 54 163
47 55 60
47 56 104
47 57 116
47 58 182
47 59 234
47 60 187
47 61 154
47 62 213
47 63 216
47 64 224
47 65 97
47 66 67
47 67 35
47 68 116
47 69 211
47 70 19
47 71 168
47 72 32
47 73 72
47 74 48
47 75 110
47 76 0
47 77 106
47 78 116
47 79 239
47 80 34
47 81 107
47 82 64
47 83 173
47 84 124
47 85 233
47 86 94
47 87 174
47 88 41
47 89 165
47 90 60
47 91 114
47 92 22
47 93 134
47 94 187
47 95 98
47 96 82
47 97 137
47 98 42
47 99 41
48 0 156
48 1 6
48 2 66
48 3 246
48 4 159
48 5 226
48 6 171
48 7 234
48 8 204
48 9 245
48 10 118
48 11 25
48 12 126
48 13 150
48 14 224
48 15 19
48 16 11
48 17 121
48 18 199
48 19 140
48 20 20
48 21 238
48 22 63
48 23 44
48 24 16
48 25 199
48 26 48
48 27 36
48 28 56
48 29 224
48 30 80
48 31 58
48 32 164
48 33 217
48 34 58
48 35 204
48 36 217
48 37 163
48 38 63
48 39 252
48 40 193
48 41 236
48 42 125
48 43 114
48 44 10
48 45 169
48 46 212
48 47 247
48 48 18
48 49 162
48 50 195
48 51 169
48 52 115
48 53 73
48 54 106
48 55 241
48 56 139
48 57 101
48 58 15
48 59 155
48 60 178
48 61 92
48 62 114
48 63 239
48 64 196
48 65 119
48 66 80
48 67 126
48 68 220
48 69 187
48 70 28
48 71 0
48 72 216
48 73 114
48 74 2
48 75 11
48 76 184
48 77 53
48 78 233
48 79 141
48 80 211
48 81 208
48 82 37
48 83 126
48 84 16
48 85 171
48 86 50
48 87 68
48 88 55
48 89 81
48 90 90
48 91 113
48 92 252
48 93 187
48 94 130
48 95 245
48 96 70
48 97 12
48 98 251
48 99 100
49 0 249
49 1 200
49 2 237
49 3 194
49 4 161
49 5 34
49 6 76
49 7 225
49 8 223
49 9 43
49 10 232
49 11 232
49 12 117
49 13 114
49 14 164
49 15 16
49 16 214
49 17 34
49 18 172
49 19 246
49 20 104
49 21 157
49 22 14
49 23 170
49 24 185
49 25 249
49 26 211
49 27 189
49 28 179
49 29 205
49 30 173
49 31 137
49 32 172
49 33 190
49 34 103
49 35 231
49 36 136
49 37 16
49 38 63
49 39 133
49 40 198
49 41 184
49 42 235
49 43 105
49 44 232
49 45 119
49 46 53
49 47 5
49 48 200
49 49 232
49 50 8
49 51 74
49 52 166
49 53 149
49 54 165
49 55 103
49 56 36
49 57 136
49 58 30
49 59 214
49 60 147
49 61 82
49 62 47
49 63 88
49 64 64
49 65 73
49 66 60
49 67 212
49 68 119
49 69 162
49 70 16
49 71 218
49 72 24
49 73 144
49 74 223
49 75 176
49 76 205
49 77 215
49 78 246
49 79 84
49 80 158
49 81 36
49 82 80
49 83 52
49 84 177
49 85 104
49 86 59
49 87 18
49 88 87
49 89 6
49 90 89
49 91 141
49 92 157
49 93 182
49 94 153
49 95 53
49 96 208
49 97 208
49 98 226
49 99 212
50 0 82
50 1 214
50 2 83
50 3 62
50 4 43
50 5 28
50 6 217
50 7 201
50 8 207
50 9 128
50 10 201
50 11 45
50 12 96
50 13 253
50 14 161
50 15 49
50 16 5
50 17 188
50 18 168
50 19 21
50 20 14
50 21 5
50 22 84
50 23 114
50 24 196
50 25 175
50 26 44
50 27 107
50 28 121
50 29 227
50 30 56
50 31 37
50 32 213
50 33 230
50 34 81
50 35 70
50 36 112
50 37 215
50 38 36
50 39 105
50 40 5
50 41 26
50 42 127
50 43 144
50 44 243
50 45 53
50 46 44
50 47 252
50 48 186
50 49 144
50 50 248
50 51 204
50 52 24
50 53 205
50 54 119
50 55 128
50 56 79
50 57 213
50 58 115
50 59 112
50 60 218
50 61 157
50 62 143
50 63 174
50 64 133
50 65 159
50 66 244
50 67 153
50 68 99
50 69 98
50 70 71
50 71 208
50 72 141
50 73 230
50 74 41
50 75 149
50 76 135
50 77 221
50 78 55
50 79 191
50 80 60
50 81 40
50 82 249
50 83 235
50 84 0
50 85 76
50 86 103
50 87 55
50 88 68
50 89 187
50 90 7
50 91 109
50 92 243
50 93 240
50 94 1
50 95 140
50 96 18
50 97 26
50 98 182
50 99 235
51 0 231
51 1 236
51 2 96
51 3 215
51 4 251
51 5 113
51 6 233
51 7 93
51 8 96
51 9 8
51 10 154
51 11 238
51 12 97
51 13 249
51 14 232
51 15 141
51 16 188
51 17 175
51 18 157
51 19 223
51 20 98
51 21 113
51 22 77
51 23 146
51 24 77
51 25 160
51 26 237
51 27 160
51 28 198
51 29 72
51 30 121
51 31 162
51 32 56
51 33 122
51 34 109
51 35 111
51 36 181
51 37 15
51 38 145
51 39 15
51 40 99
51 41 117
51 42 192
51 43 119
51 44 165
51 45 157
51 46 143
51 47 183
51 48 190
51 49 12
51 50 144
51 51 53
51 52 93
51 53 34
51 54 182
51 55 21
51 56 186
51 57 65
51 58 35
51 59 114
51 60 19
51 61 69
51 62 125
51 63 109
51 64 13
51 65 12
51 66 205
51 67 103
51 68 231
51 69 43
51 70 214
51 71 61
51 72 168
51 73 117
51 74 120
51 75 248
51 76 29
51 77 34
51 78 27
51 79 126
51 80 181
51 81 132
51 82 132
51 83 214
51 84 37
51 85 44
51 86 45
51 87 0
51 88 36
51 89 231
51 90 181
51 91 150
51 92 14
51 93 236
51 94 235
51 95 123
51 96 1
51 97 92
51 98 81
51 99 9
52 0 119
52 1 217
52 2 246
52 3 236
52 4 125
52 5 32
52 6 123
52 7 16
52 8 231
52 9 140
52 10 120
52 11 62
52 12 223
52 13 160
52 14 65
52 15 218
52 16 186
52 17 237
52 18 179
52 19 177
52 20 43
52 21 56
52 22 10
52 23 157
52 24 213
52 25 63
52 26 150
52 27 118
52 28 143
52 29 133
52 30 219
52 31 124
52 32 52
52 33 155
52 34 119
52 35 120
52 36 239
52 37 245
52 38 36
52 39 134
52 40 66
52 41 226
52 42 112
52 43 23
52 44 213
52 45 100
52 46 61
52 47 129
52 48 54
52 49 124
52 50 0
52 51 89
52 52 47
52 53 109
52 54 54
52 55 204
52 56 185
52 57 252
52 58 73
52 59 253
52 60 19
52 61 237
52 62 122
52 63 155
52 64 1
52 65 228
52 66 166
52 67 144
52 68 220
52 69 15
52 70 224
52 71 165
52 72 201
52 73 43
52 74 195
52 75 163
52 76 42
52 77 111
52 78 193
52 79 202
52 80 180
52 81 100
52 82 12
52 83 8
52 84 32
52 85 215
52 86 36
52 87 250
52 88 70
52 89 157
52 90 159
52 91 93
52 92 197
52 93 60
52 94 119
52 95 249
52 96 69
52 97 134
52 98 236
52 99 58
53 0 184
53 1 223
53 2 70
53 3 179
53 4 84
53 5 13
53 6 151
53 7 75
53 8 250
53 9 207
53 10 59
53 11 177
53 12 7
53 13 63
53 14 161
53 15 154
53 16 159
53 17 195
53 18 31
53 19 55
53 20 84
53 21 107
53 22 78
53 23 15
53 24 106
53 25 119
53 26 243
53 27 157
53 28 82
53 29 136
53 30 83
53 31 243
53 32 19
53 33 25
53 34 29
53 35 248
53 36 175
53 37 120
53 38 121
53 39 100
53 40 71
53 41 63
53 42 199
53 43 195
53 44 178
53 45 70
53 46 168
53 47 205
53 48 44
53 49 90
53 50 51
53 51 11
53 52 191
53 53 154
53 54 242
53 55 234
53 56 249
53 57 210
53 58 57
53 59 78
53 60 47
53 61 223
53 62 81
53 63 65
53 64 232
53 65 236
53 66 212
53 67 90
53 68 155
53 69 91
53 70 235
53 71 44
53 72 120
53 73 82
53 74 158
53 75 215
53 76 116
53 77 85
53 78 0
53 79 251
53 80 208
53 81 223
53 82 49
53 83 85
53 84 76
53 85 238
53 86 184
53 87 187
53 88 84
53 89 165
53 90 159
53 91 171
53 92 207
53 93 82
53 94 5
53 95 229
53 96 172
53 97 29
53 98 113
53 99 85
54 0 159
54 1 115
54 2 206
54 3 106
54 4 21
54 5 190
54 6 219
54 7 253
54 8 159
54 9 5
54 10 126
54 11 123
54 12 64
54 13 53
54 14 82
54 15 197
54 16 173
54 17 11
54 18 112
54 19 3
54 20 132
54 21 240
54 22 62
54 23 169
54 24 150
54 25 184
54 26 245
54 27 187
54 28 53
54 29 14
54 30 168
54 31 92
54 32 65
54 33 101
54 34 167
54 35 196
54 36 179
54 37 97
54 38 46
54 39 168
54 40 41
54 41 167
54 42 121
54 43 24
54 44 198
54 45 167
54 46 195
54 47 185
54 48 16
54 49 178
54 50 207
54 51 8
54 52 87
54 53 65
54 54 120
54 55 14
54 56 197
54 57 161
54 58 89
54 59 59
54 60 251
54 61 22
54 62 68
54 63 20
54 64 9
54 65 90
54 66 236
54 67 138
54 68 160
54 69 127
54 70 242
54 71 218
54 72 160
54 73 26
54 74 132
54 75 31
54 76 227
54 77 176
54 78 183
54 79 232
54 80 47
54 81 159
54 82 251
54 83 169
54 84 132
54 85 126
54 86 86
54 87 70
54 88 155
54 89 241
54 90 229
54 91 127
54 92 229
54 93 200
54 94 7
54 95 201
54 96 205
54 97 167
54 98 19
54 99 90
55 0 167
55 1 196
55 2 159
55 3 70
55 4 94
55 5 105
55 6 24
55 7 215
55 8 244
55 9 137
55 10 42
55 11 182
55 12 77
55 13 77
55 14 23
55 15 197
55 16 178
55 17 205
55 18 88
55 19 83
55 20 147
55 21 74
55 22 63
55 23 167
55 24 235
55 25 229
55 26 168
55 27 177
55 28 80
55 29 16
55 30 14
55 31 60
55 32 71
55 33 26
55 34 107
55 35 139
55 36 5
55 37 106
55 38 235
55 39 171
55 40 15
55 41 206
55 42 146
55 43 86
55 44 66
55 45 214
55 46 128
55 47 155
55 48 210
55 49 18
55 50 17
55 51 14
55 52 84
55 53 67
55 54 80
55 55 241
55 56 94
55 57 207
55 58 46
55 59 183
55 60 83
55 61 219
55 62 80
55 63 173
55 64 166
55 65 29
55 66 226
55 67 41
55 68 106
55 69 141
55 70 224
55 71 134
55 72 55
55 73 247
55 74 48
55 75 133
55 76 8
55 77 185
55 78 198
55 79 20
55 80 165
55 81 187
55 82 49
55 83 230
55 84 227
55 85 135
55 86 54
55 87 252
55 88 150
55 89 134
55 90 33
55 91 41
55 92 239
55 93 45
55 94 110
55 95 177
55 96 112
55 97 252
55 98 233
55 99 107
56 0 92
56 1 40
56 2 166
56 3 67
56 4 94
56 5 158
56 6 135
56 7 203
56 8 90
56 9 92
56 10 134
56 11 123
56 12 160
56 13 83
56 14 194
56 15 251
56 16 59
56 17 249
56 18 160
56 19 22
56 20 42
56 21 89
56 22 43
56 23 24
56 24 59
56 25 144
56 26 12
56 27 154
56 28 71
56 29 235
56 30 14
56 31 114
56 32 107
56 33 95
56 34 130
56 35 247
56 36 246
56 37 74
56 38 41
56 39 52
56 40 205
56 41 48
56 42 96
56 43 223
56 44 99
56 45 95
56 46 91
56 47 175
56 48 201
56 49 71
56 50 212
56 51 248
56 52 61
56 53 44
56 54 19
56 55 13
56 56 96
56 57 231
56 58 143
56 59 235
56 60 143
56 61 220
56 62 50
56 63 43
56 64 166
56 65 198
56 66 111
56 67 37
56 68 146
56 69 140
56 70 84
56 71 70
56 72 63
56 73 139
56 74 242
56 75 82
56 76 121
56 77 15
56 78 247
56 79 225
56 80 210
56 81 75
56 82 32
56 83 34
56 84 106
56 85 1
56 86 55
56 87 201
56 88 21
56 89 92
56 90 130
56 91 178
56 92 11
56 93 247
56 94 128
56 95 57
56 96 208
56 97 133
56 98 192
56 99 93
57 0 95
57 1 237
57 2 28
57 3 2
57 4 134
57 5 105
57 6 252
57 7 121
57 8 118
57 9 11
57 10 22
57 11 164
57 12 134
57 13 226
57 14 146
57 15 213
57 16 3
57 17 29
57 18 175
57 19 142
57 20 116
57 21 171
57 22 195
57 23 221
57 24 0
57 25 241
57 26 29
57 27 159
57 28 249
57 29 15
57 30 27
57 31 116
57 32 196
57 33 66
57 34 169
57 35 113
57 36 161
57 37 77
57 38 250
57 39 52
57 40 185
57 41 50
57 42 171
57 43 90
57 44 241
57 45 57
57 46 216
57 47 42
57 48 30
57 49 3
57 50 6
57 51 9
57 52 253
57 53 119
57 54 78
57 55 189
57 56 172
57 57 146
57 58 182
57 59 104
57 60 23
57 61 142
57 62 228
57 63 185
57 64 89
57 65 84
57 66 37
57 67 140
57 68 143
57 69 246
57 70 147
57 71 193
57 72 223
57 73 229
57 74 171
57 75 95
57 76 161
57 77 75
57 78 33
57 79 94
57 80 115
57 81 110
57 82 68
57 83 41
57 84 57
57 85 18
57 86 44
57 87 122
57 88 12
57 89 250
57 90 236
57 91 122
57 92 129
57 93 226
57 94 25
57 95 184
57 96 165
57 97 39
57 98 216
57 99 217
58 0 77
58 1 209
58 2 191
58 3 246
58 4 153
58 5 177
58 6 230
58 7 235
58 8 206
58 9 11
58 10 158
58 11 134
58 12 181
58 13 150
58 14 154
58 15 250
58 16 197
58 17 64
58 18 115
58 19 166
58 20 63
58 21 74
58 22 139
58 23 150
58 24 223
58 25 18
58 26 14
58 27 155
58 28 180
58 29 221
58 30 69
58 31 150
58 32 226
58 33 203
58 34 239
58 35 203
58 36 238
58 37 112
58 38 64
58 39 192
58 40 170
58 41 111
58 42 61
58 43 57
58 44 24
58 45 181
58 46 165
58 47 184
58 48 31
58 49 7
58 50 124
58 51 2
58 52 216
58 53 16
58 54 217
58 55 194
58 56 125
58 57 101
58 58 167
58 59 126
58 60 103
58 61 4
58 62 149
58 63 31
58 64 233
58 65 218
58 66 244
58 67 166
58 68 221
58 69 145
58 70 214
58 71 74
58 72 104
58 73 151
58 74 67
58 75 149
58 76 202
58 77 17
58 78 212
58 79 86
58 80 17
58 81 43
58 82 45
58 83 120
58 84 65
58 85 123
58 86 251
58 87 197
58 88 103
58 89 164
58 90 84
58 91 242
58 92 189
58 93 203
58 94 199
58 95 109
58 96 102
58 97 157
58 98 99
58 99 104
59 0 190
59 1 22
59 2 71
59 3 83
59 4 180
59 5 163
59 6 145
59 7 55
59 8 133
59 9 79
59 10 215
59 11 177
59 12 248
59 13 153
59 14 57
59 15 147
59 16 161
59 17 199
59 18 193
59 19 32
59 20 148
59 21 64
59 22 23
59 23 63
59 24 178
59 25 179
59 26 84
59 27 177
59 28 197
59 29 16
59 30 192
59 31 236
59 32 97
59 33 55
59 34 76
59 35 216
59 36 44
59 37 63
59 38 64
59 39 170
59 40 73
59 41 174
59 42 78
59 43 12
59 44 56
59 45 69
59 46 83
59 47 187
59 48 68
59 49 51
59 50 158
59 51 44
59 52 31
59 53 189
59 54 131
59 55 105
59 56 100
59 57 92
59 58 157
59 59 50
59 60 140
59 61 9
59 62 103
59 63 31
59 64 0
59 65 246
59 66 58
59 67 220
59 68 126
59 69 176
59 70 217
59 71 111
59 72 142
59 73 84
59 74 81
59 75 167
59 76 42
59 77 43
59 78 149
59 79 218
59 80 83
59 81 177
59 82 74
59 83 106
59 84 111
59 85 88
59 86 68
59 87 171
59 88 41
59 89 29
59 90 92
59 91 187
59 92 243
59 93 7
59 94 113
59 95 113
59 96 39
59 97 21
59 98 147
59 99 227
60 0 235
60 1 144
60 2 234
60 3 215
60 4 142
60 5 83
60 6 131
60 7 174
60 8 210
60 9 146
60 10 86
60 11 64
60 12 180
60 13 217
60 14 160
60 15 242
60 16 245
60 17 119
60 18 120
60 19 191
60 20 197
60 21 206
60 22 128
60 23 237
60 24 116
60 25 213
60 26 138
60 27 180
60 28 76
60 29 32
60 30 188
60 31 20
60 32 51
60 33 54
60 34 103
60 35 115
60 36 32
60 37 226
60 38 84
60 39 209
60 40 58
60 41 102
60 42 161
60 43 122
60 44 56
60 45 86
60 46 132
60 47 250
60 48 231
60 49 229
60 50 152
60 51 248
60 52 79
60 53 16
60 54 235
60 55 71
60 56 191
60 57 59
60 58 141
60 59 81
60 60 113
60 61 178
60 62 150
60 63 107
60 64 86
60 65 104
60 66 209
60 67 215
60 68 113
60 69 77
60 70 143
60 71 168
60 72 119
60 73 27
60 74 68
60 75 223
60 76 67
60 77 62
60 78 214
60 79 90
60 80 129
60 81 2
60 82 172
60 83 54
60 84 133
60 85 204
60 86 160
60 87 182
60 88 153
60 89 33
60 90 162
60 91 254
60 92 246
60 93 92
60 94 245
60 95 188
60 96 80
60 97 197
60 98 62
60 99 81
61 0 237
61 1 224
61 2 179
61 3 121
61 4 207
61 5 122
61 6 108
61 7 174
61 8 214
61 9 188
61 10 247
61 11 119
61 12 149
61 13 153
61 14 195
61 15 111
61 16 156
61 17 198
61 18 150
61 19 205
61 20 155
61 21 128
61 22 110
61 23 209
61 24 22
61 25 122
61 26 37
61 27 113
61 28 98
61 29 166
61 30 13
61 31 238
61 32 9
61 33 238
61 34 114
61 35 187
61 36 176
61 37 203
61 38 10
61 39 230
61 40 10
61 41 211
61 42 34
61 43 13
61 44 56
61 45 138
61 46 217
61 47 46
61 48 12
61 49 28
61 50 59
61 51 132
61 52 222
61 53 98
61 54 109
61 55 116
61 56 194
61 57 22
61 58 16
61 59 157
61 60 216
61 61 81
61 62 205
61 63 127
61 64 11
61 65 226
61 66 215
61 67 87
61 68 77
61 69 224
61 70 136
61 71 145
61 72 0
61 73 99
61 74 44
61 75 77
61 76 150
61 77 213
61 78 242
61 79 174
61 80 148
61 81 245
61 82 1
61 83 26
61 84 118
61 85 172
61 86 51
61 87 8
61 88 134
61 89 161
61 90 122
61 91 194
61 92 37
61 93 194
61 94 185
61 95 181
61 96 220
61 97 13
61 98 30
61 99 202
62 0 117
62 1 55
62 2 33
62 3 55
62 4 22
62 5 180
62 6 27
62 7 247
62 8 184
62 9 7
62 10 111
62 11 237
62 12 116
62 13 206
62 14 23
62 15 7
62 16 175
62 17 125
62 18 121
62 19 58
62 20 63
62 21 147
62 22 106
62 23 235
62 24 179
62 25 156
62 26 52
62 27 158
62 28 53
62 29 35
62 30 97
62 31 198
62 32 238
62 33 73
62 34 98
62 35 211
62 36 244
62 37 156
62 38 167
62 39 35
62 40 39
62 41 110
62 42 216
62 43 84
62 44 233
62 45 229
62 46 138
62 47 85
62 48 228
62 49 41
62 50 187
62 51 213
62 52 188
62 53 125
62 54 11
62 55 159
62 56 82
62 57 142
62 58 75
62 59 89
62 60 145
62 61 85
62 62 216
62 63 208
62 64 31
62 65 197
62 66 165
62 67 3
62 68 85
62 69 126
62 70 112
62 71 200
62 72 184
62 73 7
62 74 235
62 75 50
62 76 151
62 77 73
62 78 236
62 79 57
62 80 172
62 81 136
62 82 159
62 83 12
62 84 210
62 85 191
62 86 44
62 87 171
62 88 235
62 89 230
62 90 102
62 91 180
62 92 90
62 93 26
62 94 128
62 95 44
62 96 0
62 97 21
62 98 150
62 99 246
63 0 74
63 1 182
63 2 37
63 3 153
63 4 107
63 5 103
63 6 218
63 7 228
63 8 199
63 9 93
63 10 25
63 11 108
63 12 244
63 13 127
63 14 234
63 15 126
63 16 202
63 17 163
63 18 115
63 19 97
63 20 231
63 21 175
63 22 77
63 23 81
63 24 150
63 25 93
63 26 122
63 27 109
63 28 90
63 29 131
63 30 41
63 31 87
63 32 113
63 33 104
63 34 238
63 35 58
63 36 100
63 37 163
63 38 148
63 39 135
63 40 147
63 41 25
63 42 225
63 43 99
63 44 182
63 45 215
63 46 98
63 47 223
63 48 184
63 49 188
63 50 136
63 51 162
63 52 181
63 53 126
63 54 193
63 55 93
63 56 163
63 57 197
63 58 165
63 59 181
63 60 101
63 61 109
63 62 188
63 63 59
63 64 46
63 65 120
63 66 116
63 67 158
63 68 104
63 69 164
63 70 208
63 71 253
63 72 48
63 73 154
63 74 185
63 75 161
63 76 136
63 77 67
63 78 159
63 79 104
63 80 84
63 81 67
63 82 203
63 83 29
63 84 223
63 85 30
63 86 43
63 87 205
63 88 147
63 89 7
63 90 10
63 91 13
63 92 128
63 93 85
63 94 91
63 95 22
63 96 90
63 97 78
63 98 171
63 99 245
64 0 187
64 1 0
64 2 103
64 3 179
64 4 233
64 5 230
64 6 20
64 7 45
64 8 235
64 9 115
64 10 94
64 11 88
64 12 114
64 13 65
64 14 86
64 15 4
64 16 2
64 17 186
64 18 242
64 19 139
64 20 21
64 21 181
64 22 203
64 23 200
64 24 68
64 25 18
64 26 233
64 27 183
64 28 135
64 29 50
64 30 74
64 31 215
64 32 18
64 33 86
64 34 11
64 35 38
64 36 206
64 37 196
64 38 250
64 39 203
64 40 103
64 41 217
64 42 72
64 43 208
64 44 104
64 45 95
64 46 15
64 47 151
64 48 248
64 49 55
64 50 147
64 51 126
64 52 56
64 53 37
64 54 204
64 55 230
64 56 205
64 57 184
64 58 75
64 59 250
64 60 2
64 61 77
64 62 114
64 63 229
64 64 60
64 65 6
64 66 46
64 67 106
64 68 91
64 69 150
64 70 211
64 71 193
64 72 41
64 73 57
64 74 187
64 75 116
64 76 139
64 77 216
64 78 96
64 79 132
64 80 243
64 81 202
64 82 232
64 83 238
64 84 23
64 85 175
64 86 188
64 87 172
64 88 54
64 89 241
64 90 26
64 91 26
64 92 87
64 93 66
64 94 176
64 95 191
64 96 19
64 97 55
64 98 166
64 99 68
65 0 127
65 1 222
65 2 6
65 3 86
65 4 2
65 5 108
65 6 49
65 7 251
65 8 209
65 9 85
65 10 117
65 11 195
65 12 254
65 13 87
65 14 11
65 15 213
65 16 48
65 17 57
65 18 95
65 19 204
65 20 227
65 21 15
65 22 190
65 23 168
65 24 172
65 25 140
65 26 134
65 27 120
65 28 206
65 29 84
65 30 59
65 31 104
65 32 73
65 33 146
65 34 195
65 35 101
65 36 254
65 37 46
65 38 5
65 39 80
65 40 155
65 41 59
65 42 25
65 43 130
65 44 214
65 45 84
65 46 147
65 47 40
65 48 6
65 49 203
65 50 193
65 51 247
65 52 83
65 53 29
65 54 73
65 55 128
65 56 129
65 57 44
65 58 118
65 59 233
65 60 3
65 61 149
65 62 149
65 63 250
65 64 237
65 65 11
65 66 154
65 67 160
65 68 118
65 69 116
65 70 29
65 71 229
65 72 0
65 73 97
65 74 189
65 75 199
65 76 179
65 77 93
65 78 154
65 79 189
65 80 110
65 81 252
65 82 76
65 83 180
65 84 7
65 85 61
65 86 78
65 87 126
65 88 108
65 89 160
65 90 54
65 91 216
65 92 23
65 93 202
65 94 38
65 95 14
65 96 79
65 97 197
65 98 92
65 99 207
66 0 184
66 1 229
66 2 166
66 3 139
66 4 108
66 5 202
66 6 229
66 7 74
66 8 171
66 9 56
66 10 40
66 11 58
66 12 229
66 13 107
66 14 19
66 15 35
66 16 82
66 17 116
66 18 197
66 19 153
66 20 61
66 21 92
66 22 102
66 23 253
66 24 11
66 25 224
66 26 67
66 27 141
66 28 211
66 29 126
66 30 208
66 31 8
66 32 113
66 33 129
66 34 156
66 35 253
66 36 86
66 37 80
66 38 50
66 39 140
66 40 220
66 41 145
66 42 159
66 43 187
66 44 5
66 45 103
66 46 248
66 47 230
66 48 217
66 49 156
66 50 104
66 51 247
66 52 231
66 53 22
66 54 146
66 55 195
66 56 243
66 57 22
66 58 31
66 59 80
66 60 96
66 61 179
66 62 158
66 63 96
66 64 166
66 65 185
66 66 37
66 67 240
66 68 168
66 69 29
66 70 99
66 71 241
66 72 124
66 73 168
66 74 41
66 75 66
66 76 58
66 77 222
66 78 97
66 79 171
66 80 107
66 81 194
66 82 164
66 83 148
66 84 91
66 85 14
66 86 35
66 87 168
66 88 89
66 89 139
66 90 76
66 91 161
66 92 197
66 93 145
66 94 240
66 95 237
66 96 252
66 97 32
66 98 49
66 99 107
67 0 202
67 1 228
67 2 71
67 3 166
67 4 213
67 5 78
67 6 154
67 7 118
67 8 129
67 9 144
67 10 26
67 11 34
67 12 215
67 13 4
67 14 197
67 15 236
67 16 138
67 17 81
67 18 209
67 19 175
67 20 223
67 21 160
67 22 2
67 23 250
67 24 148
67 25 90
67 26 92
67 27 234
67 28 193
67 29 73
67 30 143
67 31 11
67 32 6
67 33 242
67 34 136
67 35 215
67 36 129
67 37 186
67 38 133
67 39 103
67 40 191
67 41 95
67 42 150
67 43 246
67 44 7
67 45 130
67 46 49
67 47 152
67 48 28
67 49 56
67 50 52
67 51 123
67 52 112
67 53 56
67 54 124
67 55 248
67 56 198
67 57 53
67 58 245
67 59 165
67 60 64
67 61 44
67 62 6
67 63 25
67 64 41
67 65 80
67 66 188
67 67 161
67 68 152
67 69 228
67 70 252
67 71 139
67 72 115
67 73 73
67 74 34
67 75 96
67 76 161
67 77 89
67 78 122
67 79 68
67 80 53
67 81 86
67 82 122
67 83 62
67 84 169
67 85 221
67 86 74
67 87 253
67 88 59
67 89 146
67 90 185
67 91 80
67 92 184
67 93 232
67 94 92
67 95 168
67 96 247
67 97 10
67 98 191
67 99 8
68 0 129
68 1 172
68 2 247
68 3 89
68 4 33
68 5 115
68 6 1
68 7 244
68 8 22
68 9 82
68 10 72
68 11 196
68 12 130
68 13 207
68 14 121
68 15 184
68 16 233
68 17 241
68 18 10
68 19 75
68 20 70
68 21 17
68 22 44
68 23 239
68 24 46
68 25 149
68 26 56
68 27 206
68 28 62
68 29 155
68 30 139
68 31 213
68 32 44
68 33 178
68 34 42
68 35 103
68 36 226
68 37 136
68 38 33
68 39 20
68 40 191
68 41 26
68 42 135
68 43 80
68 44 12
68 45 150
68 46 250
68 47 72
68 48 184
68 49 129
68 50 67
68 51 194
68 52 159
68 53 124
68 54 249
68 55 62
68 56 37
68 57 220
68 58 54
68 59 243
68 60 94
68 61 166
68 62 119
68 63 138
68 64 234
68 65 152
68 66 28
68 67 166
68 68 58
68 69 11
68 70 75
68 71 45
68 72 68
68 73 231
68 74 192
68 75 213
68 76 248
68 77 197
68 78 231
68 79 201
68 80 90
68 81 152
68 82 120
68 83 221
68 84 171
68 85 138
68 86 87
68 87 58
68 88 234
68 89 182
68 90 251
68 91 215
68 92 171
68 93 169
68 94 115
68 95 241
68 96 69
68 97 190
68 98 196
68 99 77
69 0 134
69 1 252
69 2 103
69 3 252
69 4 168
69 5 139
69 6 169
69 7 246
69 8 1
69 9 65
69 10 137
69 11 20
69 12 148
69 13 183
69 14 157
69 15 52
69 16 18
69 17 36
69 18 76
69 19 86
69 20 61
69 21 184
69 22 203
69 23 67
69 24 14
69 25 30
69 26 169
69 27 143
69 28 148
69 29 80
69 30 196
69 31 46
69 32 239
69 33 226
69 34 102
69 35 58
69 36 169
69 37 202
69 38 194
69 39 10
69 40 213
69 41 223
69 42 8
69 43 144
69 44 89
69 45 179
69 46 10
69 47 161
69 48 16
69 49 112
69 50 170
69 51 252
69 52 61
69 53 58
69 54 100
69 55 222
69 56 141
69 57 223
69 58 132
69 59 216
69 60 8
69 61 140
69 62 162
69 63 196
69 64 53
69 65 58
69 66 85
69 67 197
69 68 29
69 69 22
69 70 177
69 71 200
69 72 84
69 73 56
69 74 205
69 75 125
69 76 169
69 77 197
69 78 51
69 79 24
69 80 22
69 81 231
69 82 88
69 83 240
69 84 130
69 85 214
69 86 225
69 87 112
69 88 158
69 89 11
69 90 153
69 91 164
69 92 115
69 93 133
69 94 223
69 95 44
69 96 95
69 97 154
69 98 70
69 99 102
70 0 191
70 1 224
70 2 108
70 3 213
70 4 8
70 5 11
70 6 55
70 7 228
70 8 246
70 9 57
70 10 182
70 11 121
70 12 68
70 13 0
70 14 64
70 15 212
70 16 177
70 17 238
70 18 63
70 19 2
70 20 16
70 21 77
70 22 249
70 23 78
70 24 186
70 25 107
70 26 160
70 27 251
70 28 87
70 29 233
70 30 94
70 31 13
70 32 13
70 33 28
70 34 217
70 35 240
70 36 168
70 37 167
70 38 113
70 39 214
70 40 219
70 41 64
70 42 138
70 43 86
70 44 30
70 45 24
70 46 129
70 47 196
70 48 75
70 49 103
70 50 18
70 51 2
70 52 205
70 53 116
70 54 155
70 55 204
70 56 113
70 57 121
70 58 132
70 59 55
70 60 205
70 61 249
70 62 84
70 63 15
70 64 206
70 65 43
70 66 200
70 67 188
70 68 62
70 69 95
70 70 251
70 71 234
70 72 223
70 73 133
70 74 180
70 75 153
70 76 186
70 77 77
70 78 142
70 79 49
70 80 221
70 81 242
70 82 140
70 83 175
70 84 64
70 85 0
70 86 10
70 87 187
70 88 204
70 89 47
70 90 39
70 91 231
70 92 154
70 93 80
70 94 76
70 95 113
70 96 210
70 97 6
70 98 179
70 99 152
71 0 164
71 1 60
71 2 205
71 3 41
71 4 82
71 5 196
71 6 29
71 7 92
71 8 143
71 9 203
71 10 149
71 11 125
71 12 16
71 13 186
71 14 14
71 15 73
71 16 13
71 17 229
71 18 179
71 19 120
71 20 121
71 21 252
71 22 14
71 23 123
71 24 175
71 25 176
71 26 23
71 27 2
71 28 119
71 29 221
71 30 54
71 31 233
71 32 83
71 33 142
71 34 38
71 35 239
71 36 33
71 37 22
71 38 18
71 39 81
71 40 9
71 41 34
71 42 206
71 43 183
71 44 111
71 45 130
71 46 124
71 47 226
71 48 181
71 49 254
71 50 226
71 51 185
71 52 102
71 53 229
71 54 145
71 55 34
71 56 193
71 57 145
71 58 18
71 59 103
71 60 23
71 61 77
71 62 2
71 63 106
71 64 43
71 65 93
71 66 27
71 67 70
71 68 32
71 69 129
71 70 141
71 71 99
71 72 71
71 73 154
71 74 246
71 75 52
71 76 141
71 77 242
71 78 231
71 79 61
71 80 243
71 81 34
71 82 161
71 83 67
71 84 141
71 85 58
71 86 163
71 87 95
71 88 127
71 89 106
71 90 254
71 91 142
71 92 30
71 93 68
71 94 155
71 95 73
71 96 52
71 97 104
71 98 192
71 99 167
72 0 220
72 1 19
72 2 219
72 3 253
72 4 197
72 5 43
72 6 21
72 7 157
72 8 201
72 9 252
72 10 105
72 11 218
72 12 27
72 13 70
72 14 82
72 15 29
72 16 129
72 17 16
72 18 0
72 19 239
72 20 105
72 21 102
72 22 180
72 23 124
72 24 147
72 25 185
72 26 202
72 27 17
72 28 83
72 29 11
72 30 159
72 31 93
72 32 155
72 33 240
72 34 136
72 35 182
72 36 146
72 37 111
72 38 62
72 39 22
72 40 43
72 41 122
72 42 135
72 43 252
72 44 102
72 45 91
72 46 55
72 47 44
72 48 204
72 49 204
72 50 53
72 51 236
72 52 24
72 53 58
72 54 164
72 55 199
72 56 117
72 57 44
72 58 114
72 59 10
72 60 108
72 61 33
72 62 246
72 63 46
72 64 250
72 65 248
72 66 253
72 67 67
72 68 179
72 69 231
72 70 85
72 71 137
72 72 234
72 73 63
72 74 15
72 75 198
72 76 18
72 77 34
72 78 145
72 79 99
72 80 252
72 81 110
72 82 249
72 83 46
72 84 241
72 85 53
72 86 225
72 87 174
72 88 222
72 89 212
72 90 54
72 91 67
72 92 197
72 93 40
72 94 92
72 95 134
72 96 13
72 97 196
72 98 74
72 99 136
73 0 103
73 1 131
73 2 200
73 3 167
73 4 101
73 5 176
73 6 3
73 7 141
73 8 39
73 9 27
73 10 123
73 11 180
73 12 54
73 13 20
73 14 40
73 15 112
73 16 182
73 17 200
73 18 11
73 19 189
73 20 3
73 21 34
73 22 10
73 23 23
73 24 73
73 25 91
73 26 147
73 27 72
73 28 84
73 29 1
73 30 118
73 31 76
73 32 177
73 33 227
73 34 202
73 35 83
73 36 26
73 37 245
73 38 29
73 39 249
73 40 17
73 41 112
73 42 74
73 43 55
73 44 192
73 45 69
73 46 154
73 47 135
73 48 199
73 49 90
73 50 220
73 51 47
73 52 65
73 53 52
73 54 228
73 55 218
73 56 5
73 57 185
73 58 20
73 59 183
73 60 202
73 61 250
73 62 125
73 63 69
73 64 217
73 65 97
73 66 76
73 67 8
73 68 240
73 69 17
73 70 44
73 71 212
73 72 68
73 73 84
73 74 249
73 75 64
73 76 39
73 77 248
73 78 24
73 79 182
73 80 89
73 81 56
73 82 91
73 83 107
73 84 112
73 85 168
73 86 133
73 87 15
73 88 51
73 89 152
73 90 12
73 91 84
73 92 74
73 93 61
73 94 199
73 95 35
73 96 238
73 97 113
73 98 61
73 99 133
74 0 249
74 1 170
74 2 97
74 3 126
74 4 32
74 5 125
74 6 109
74 7 101
74 8 59
74 9 41
74 10 53
74 11 52
74 12 207
74 13 177
74 14 59
74 15 225
74 16 45
74 17 191
74 18 135
74 19 45
74 20 8
74 21 91
74 22 124
74 23 176
74 24 86
74 25 143
74 26 229
74 27 97
74 28 128
74 29 34
74 30 218
74 31 81
74 32 217
74 33 244
74 34 245
74 35 224
74 36 44
74 37 245
74 38 158
74 39 211
74 40 164
74 41 229
74 42 203
74 43 174
74 44 250
74 45 187
74 46 198
74 47 40
74 48 74
74 49 59
74 50 115
74 51 184
74 52 68
74 53 141
74 54 236
74 55 104
74 56 25
74 57 246
74 58 33
74 59 41
74 60 152
74 61 246
74 62 169
74 63 188
74 64 253
74 65 160
74 66 118
74 67 55
74 68 176
74 69 253
74 70 140
74 71 171
74 72 192
74 73 26
74 74 199
74 75 26
74 76 72
74 77 210
74 78 82
74 79 185
74 80 189
74 81 229
74 82 224
74 83 136
74 84 190
74 85 36
74 86 74
74 87 48
74 88 168
74 89 219
74 90 189
74 91 228
74 92 5
74 93 28
74 94 149
74 95 198
74 96 22
74 97 231
74 98 18
74 99 157
75 0 239
75 1 81
75 2 88
75 3 109
75 4 126
75 5 155
75 6 45
75 7 48
75 8 188
75 9 114
75 10 229
75 11 40
75 12 4
75 13 154
75 14 237
75 15 103
75 16 33
75 17 64
75 18 142
75 19 251
75 20 60
75 21 31
75 22 28
75 23 84
75 24 234
75 25 169
75 26 178
75 27 20
75 28 163
75 29 109
75 30 28
75 31 175
75 32 190
75 33 201
75 34 204
75 35 168
75 36 85
75 37 213
75 38 97
75 39 10
75 40 34
75 41 65
75 42 149
75 43 245
75 44 192
75 45 242
75 46 88
75 47 20
75 48 112
75 49 92
75 50 81
75 51 210
75 52 221
75 53 182
75 54 249
75 55 21
75 56 31
75 57 217
75 58 167
75 59 109
75 60 11
75 61 189
75 62 121
75 63 233
75 64 25
75 65 53
75 66 13
75 67 105
75 68 110
75 69 61
75 70 170
75 71 67
75 72 233
75 73 10
75 74 122
75 75 219
75 76 70
75 77 73
75 78 75
75 79 162
75 80 46
75 81 68
75 82 199
75 83 218
75 84 42
75 85 126
75 86 96
75 87 21
75 88 70
75 89 184
75 90 107
75 91 215
75 92 217
75 93 84
75 94 64
75 95 21
75 96 184
75 97 212
75 98 82
75 99 52
76 0 35
76 1 232
76 2 62
76 3 135
76 4 81
76 5 67
76 6 65
76 7 146
76 8 59
76 9 77
76 10 34
76 11 216
76 12 46
76 13 80
76 14 180
76 15 62
76 16 150
76 17 85
76 18 174
76 19 184
76 20 239
76 21 41
76 22 161
76 23 135
76 24 20
76 25 186
76 26 21
76 27 58
76 28 189
76 29 184
76 30 237
76 31 106
76 32 168
76 33 207
76 34 59
76 35 222
76 36 74
76 37 78
76 38 49
76 39 207
76 40 62
76 41 196
76 42 83
76 43 159
76 44 112
76 45 127
76 46 69
76 47 78
76 48 84
76 49 75
76 50 215
76 51 4
76 52 253
76 53 76
76 54 25
76 55 41
76 56 235
76 57 188
76 58 102
76 59 62
76 60 199
76 61 156
76 62 23
76 63 189
76 64 253
76 65 93
76 66 42
76 67 145
76 68 239
76 69 204
76 70 173
76 71 24
76 72 149
76 73 108
76 74 215
76 75 89
76 76 193
76 77 74
76 78 12
76 79 225
76 80 3
76 81 31
76 82 109
76 83 210
76 84 234
76 85 124
76 86 41
76 87 199
76 88 84
76 89 76
76 90 230
76 91 83
76 92 113
76 93 206
76 94 238
76 95 111
76 96 206
76 97 35
76 98 225
76 99 124
77 0 90
77 1 101
77 2 176
77 3 147
77 4 19
77 5 43
77 6 144
77 7 25
77 8 83
77 9 93
77 10 190
77 11 114
77 12 244
77 13 149
77 14 104
77 15 153
77 16 57
77 17 125
77 18 107
77 19 39
77 20 157
77 21 168
77 22 194
77 23 246
77 24 124
77 25 56
77 26 46
77 27 88
77 28 5
77 29 29
77 30 100
77 31 3
77 32 41
77 33 80
77 34 172
77 35 243
77 36 142
77 37 62
77 38 131
77 39 247
77 40 41
77 41 0
77 42 6
77 43 191
77 44 154
77 45 143
77 46 33
77 47 88
77 48 25
77 49 155
77 50 164
77 51 167
77 52 191
77 53 253
77 54 190
77 55 15
77 56 116
77 57 210
77 58 5
77 59 43
77 60 11
77 61 43
77 62 58
77 63 51
77 64 60
77 65 150
77 66 28
77 67 110
77 68 160
77 69 231
77 70 78
77 71 62
77 72 24
77 73 125
77 74 116
77 75 251
77 76 13
77 77 148
77 78 178
77 79 50
77 80 217
77 81 236
77 82 121
77 83 190
77 84 23
77 85 130
77 86 56
77 87 220
77 88 94
77 89 142
77 90 124
77 91 184
77 92 228
77 93 159
77 94 239
77 95 187
77 96 112
77 97 242
77 98 247
77 99 96
78 0 228
78 1 83
78 2 4
78 3 22
78 4 6
78 5 43
78 6 148
78 7 100
78 8 104
78 9 116
78 10 164
78 11 132
78 12 104
78 13 87
78 14 104
78 15 164
78 16 198
78 17 184
78 18 143
78 19 70
78 20 207
78 21 166
78 22 211
78 23 56
78 24 79
78 25 173
78 26 166
78 27 183
78 28 45
78 29 218
78 30 67
78 31 72
78 32 220
78 33 146
78 34 107
78 35 30
78 36 96
78 37 236
78 38 28
78 39 84
78 40 167
78 41 199
78 42 215
78 43 161
78 44 233
78 45 64
78 46 152
78 47 7
78 48 129
78 49 101
78 50 174
78 51 194
78 52 108
78 53 110
78 54 140
78 55 19
78 56 164
78 57 111
78 58 124
78 59 152
78 60 111
78 61 59
78 62 129
78 63 49
78 64 12
78 65 85
78 66 68
78 67 39
78 68 3
78 69 66
78 70 192
78 71 24
78 72 28
78 73 7
78 74 196
78 75 235
78 76 25
78 77 65
78 78 3
78 79 5
78 80 179
78 81 92
78 82 115
78 83 61
78 84 169
78 85 165
78 86 176
78 87 117
78 88 12
78 89 157
78 90 134
78 91 111
78 92 10
78 93 8
78 94 19
78 95 85
78 96 125
78 97 66
78 98 212
78 99 78
79 0 181
79 1 27
79 2 166
79 3 144
79 4 22
79 5 249
79 6 52
79 7 89
79 8 53
79 9 148
79 10 153
79 11 174
79 12 44
79 13 44
79 14 128
79 15 61
79 16 150
79 17 209
79 18 98
79 19 25
79 20 168
79 21 121
79 22 153
79 23 190
79 24 197
79 25 96
79 26 13
79 27 117
79 28 197
79 29 125
79 30 186
79 31 106
79 32 82
79 33 193
79 34 183
79 35 45
79 36 190
79 37 139
79 38 45
79 39 201
79 40 114
79 41 24
79 42 103
79 43 46
79 44 118
79 45 249
79 46 36
79 47 126
79 48 234
79 49 123
79 50 61
79 51 80
79 52 58
79 53 56
79 54 134
79 55 34
79 56 246
79 57 221
79 58 42
79 59 210
79 60 208
79 61 246
79 62 51
79 63 72
79 64 204
79 65 240
79 66 23
79 67 155
79 68 231
79 69 173
79 70 58
79 71 36
79 72 167
79 73 10
79 74 205
79 75 61
79 76 67
79 77 101
79 78 117
79 79 7
79 80 250
79 81 106
79 82 89
79 83 112
79 84 89
79 85 18
79 86 232
79 87 126
79 88 164
79 89 165
79 90 62
79 91 181
79 92 237
79 93 151
79 94 31
79 95 68
79 96 28
79 97 210
79 98 42
79 99 199
80 0 119
80 1 182
80 2 170
80 3 91
80 4 153
80 5 192
80 6 211
80 7 68
80 8 60
80 9 182
80 10 171
80 11 56
80 12 81
80 13 119
80 14 227
80 15 130
80 16 170
80 17 58
80 18 6
80 19 145
80 20 134
80 21 25
80 22 170
80 23 61
80 24 253
80 25 208
80 26 1
80 27 240
80 28 163
80 29 106
80 30 145
80 31 210
80 32 189
80 33 47
80 34 67
80 35 188
80 36 153
80 37 250
80 38 46
80 39 150
80 40 139
80 41 196
80 42 193
80 43 146
80 44 15
80 45 216
80 46 187
80 47 55
80 48 44
80 49 107
80 50 236
80 51 220
80 52 229
80 53 80
80 54 64
80 55 34
80 56 224
80 57 113
80 58 10
80 59 139
80 60 127
80 61 61
80 62 213
80 63 42
80 64 184
80 65 234
80 66 61
80 67 154
80 68 237
80 69 173
80 70 215
80 71 14
80 72 2
80 73 181
80 74 125
80 75 57
80 76 78
80 77 226
80 78 68
80 79 106
80 80 188
80 81 6
80 82 70
80 83 140
80 84 189
80 85 207
80 86 98
80 87 237
80 88 42
80 89 199
80 90 13
80 91 36
80 92 8
80 93 252
80 94 232
80 95 212
80 96 191
80 97 8
80 98 216
80 99 239
81 0 8
81 1 145
81 2 217
81 3 65
81 4 113
81 5 235
81 6 18
81 7 37
81 8 56
81 9 17
81 10 201
81 11 105
81 12 212
81 13 238
81 14 185
81 15 86
81 16 116
81 17 140
81 18 98
81 19 187
81 20 245
81 21 128
81 22 180
81 23 50
81 24 68
81 25 18
81 26 117
81 27 75
81 28 61
81 29 23
81 30 161
81 31 136
81 32 254
81 33 169
81 34 226
81 35 60
81 36 221
81 37 19
81 38 89
81 39 228
81 40 210
81 41 119
81 42 214
81 43 179
81 44 103
81 45 106
81 46 178
81 47 117
81 48 74
81 49 167
81 50 53
81 51 88
81 52 211
81 53 154
81 54 73
81 55 154
81 56 131
81 57 25
81 58 28
81 59 62
81 60 229
81 61 241
81 62 131
81 63 209
81 64 175
81 65 67
81 66 213
81 67 53
81 68 227
81 69 122
81 70 63
81 71 33
81 72 108
81 73 65
81 74 230
81 75 204
81 76 190
81 77 112
81 78 224
81 79 137
81 80 119
81 81 13
81 82 33
81 83 63
81 84 148
81 85 237
81 86 85
81 87 162
81 88 79
81 89 78
81 90 93
81 91 178
81 92 190
81 93 134
81 94 83
81 95 93
81 96 129
81 97 212
81 98 34
81 99 208
82 0 233
82 1 206
82 2 195
82 3 6
82 4 129
82 5 85
82 6 239
82 7 152
82 8 37
82 9 26
82 10 234
82 11 110
82 12 58
82 13 132
82 14 107
82 15 51
82 16 40
82 17 117
82 18 73
82 19 47
82 20 82
82 21 237
82 22 170
82 23 41
82 24 45
82 25 83
82 26 4
82 27 41
82 28 198
82 29 189
82 30 137
82 31 32
82 32 252
82 33 65
82 34 189
82 35 19
82 36 238
82 37 108
82 38 232
82 39 18
82 40 162
82 41 225
82 42 23
82 43 3
82 44 15
82 45 123
82 46 154
82 47 202
82 48 72
82 49 69
82 50 34
82 51 12
82 52 219
82 53 87
82 54 183
82 55 157
82 56 197
82 57 185
82 58 175
82 59 112
82 60 111
82 61 132
82 62 198
82 63 60
82 64 159
82 65 3
82 66 66
82 67 19
82 68 127
82 69 225
82 70 230
82 71 84
82 72 59
82 73 204
82 74 60
82 75 190
82 76 101
82 77 50
82 78 126
82 79 83
82 80 18
82 81 207
82 82 41
82 83 195
82 84 245
82 85 76
82 86 237
82 87 135
82 88 207
82 89 244
82 90 183
82 91 122
82 92 78
82 93 15
82 94 112
82 95 95
82 96 44
82 97 217
82 98 74
82 99 188
83 0 121
83 1 197
83 2 3
83 3 185
83 4 121
83 5 131
83 6 177
83 7 33
83 8 31
83 9 89
83 10 251
83 11 27
83 12 189
83 13 140
83 14 130
83 15 55
83 16 206
83 17 62
83 18 10
83 19 106
83 20 35
83 21 226
83 22 131
83 23 73
83 24 78
83 25 7
83 26 252
83 27 20
83 28 223
83 29 235
83 30 64
83 31 111
83 32 92
83 33 63
83 34 231
83 35 4
83 36 237
83 37 13
83 38 216
83 39 254
83 40 181
83 41 61
83 42 108
83 43 165
83 44 236
83 45 27
83 46 105
83 47 50
83 48 166
83 49 133
83 50 226
83 51 176
83 52 12
83 53 212
83 54 180
83 55 23
83 56 114
83 57 105
83 58 234
83 59 87
83 60 95
83 61 60
83 62 81
83 63 72
83 64 219
83 65 244
83 66 32
83 67 221
83 68 105
83 69 102
83 70 99
83 71 198
83 72 63
83 73 92
83 74 220
83 75 10
83 76 132
83 77 134
83 78 223
83 79 178
83 80 218
83 81 57
83 82 146
83 83 37
83 84 54
83 85 148
83 86 3
83 87 55
83 88 118
83 89 112
83 90 49
83 91 99
83 92 129
83 93 224
83 94 231
83 95 59
83 96 219
83 97 69
83 98 55
83 99 163
84 0 249
84 1 9
84 2 185
84 3 47
84 4 241
84 5 157
84 6 148
84 7 121
84 8 60
84 9 122
84 10 64
84 11 237
84 12 250
84 13 192
84 14 238
84 15 212
84 16 39
84 17 165
84 18 43
84 19 231
84 20 249
84 21 231
84 22 178
84 23 10
84 24 21
84 25 160
84 26 223
84 27 208
84 28 192
84 29 99
84 30 4
84 31 5
84 32 36
84 33 133
84 34 181
84 35 72
84 36 230
84 37 150
84 38 39
84 39 175
84 40 104
84 41 56
84 42 245
84 43 242
84 44 108
84 45 16
84 46 77
84 47 5
84 48 38
84 49 181
84 50 221
84 51 205
84 52 166
84 53 0
84 54 7
84 55 66
84 56 193
84 57 50
84 58 46
84 59 62
84 60 19
84 61 95
84 62 51
84 63 11
84 64 249
84 65 121
84 66 155
84 67 151
84 68 39
84 69 210
84 70 136
84 71 90
84 72 135
84 73 189
84 74 121
84 75 145
84 76 127
84 77 23
84 78 86
84 79 180
84 80 102
84 81 244
84 82 67
84 83 219
84 84 144
84 85 246
84 86 21
84 87 197
84 88 138
84 89 26
84 90 47
84 91 8
84 92 97
84 93 98
84 94 40
84 95 209
84 96 54
84 97 247
84 98 142
84 99 215
85 0 210
85 1 92
85 2 121
85 3 247
85 4 169
85 5 101
85 6 152
85 7 231
85 8 198
85 9 250
85 10 46
85 11 78
85 12 246
85 13 114
85 14 115
85 15 95
85 16 208
85 17 192
85 18 149
85 19 227
85 20 180
85 21 218
85 22 241
85 23 38
85 24 102
85 25 112
85 26 137
85 27 80
85 28 131
85 29 212
85 30 52
85 31 11
85 32 59
85 33 84
85 34 44
85 35 56
85 36 213
85 37 29
85 38 245
85 39 39
85 40 194
85 41 37
85 42 71
85 43 224
85 44 138
85 45 126
85 46 119
85 47 212
85 48 33
85 49 152
85 50 110
85 51 218
85 52 60
85 53 2
85 54 92
85 55 193
85 56 143
85 57 151
85 58 128
85 59 75
85 60 159
85 61 77
85 62 76
85 63 169
85 64 226
85 65 104
85 66 83
85 67 96
85 68 146
85 69 32
85 70 25
85 71 235
85 72 79
85 73 105
85 74 235
85 75 254
85 76 230
85 77 15
85 78 185
85 79 62
85 80 142
85 81 91
85 82 162
85 83 230
85 84 19
85 85 133
85 86 77
85 87 225
85 88 188
85 89 6
85 90 163
85 91 200
85 92 144
85 93 138
85 94 150
85 95 44
85 96 90
85 97 137
85 98 25
85 99 246
86 0 149
86 1 188
86 2 81
86 3 138
86 4 170
86 5 215
86 6 233
86 7 19
86 8 33
86 9 219
86 10 91
86 11 88
86 12 138
86 13 85
86 14 202
86 15 159
86 16 72
86 17 61
86 18 84
86 19 211
86 20 57
86 21 211
86 22 89
86 23 53
86 24 82
86 25 121
86 26 224
86 27 215
86 28 102
86 29 207
86 30 48
86 31 152
86 32 231
86 33 110
86 34 190
86 35 189
86 36 81
86 37 161
86 38 217
86 39 246
86 40 43
86 41 174
86 42 249
86 43 120
86 44 7
86 45 137
86 46 149
86 47 217
86 48 185
86 49 88
86 50 117
86 51 54
86 52 233
86 53 191
86 54 0
86 55 98
86 56 116
86 57 81
86 58 203
86 59 169
86 60 82
86 61 36
86 62 117
86 63 247
86 64 219
86 65 227
86 66 79
86 67 175
86 68 136
86 69 6
86 70 244
86 71 247
86 72 149
86 73 40
86 74 22
86 75 134
86 76 19
86 77 23
86 78 23
86 79 49
86 80 125
86 81 22
86 82 179
86 83 221
86 84 222
86 85 143
86 86 77
86 87 145
86 88 155
86 89 69
86 90 166
86 91 187
86 92 62
86 93 254
86 94 41
86 95 19
86 96 15
86 97 235
86 98 153
86 99 101
87 0 33
87 1 62
87 2 112
87 3 222
87 4 187
87 5 24
87 6 48
87 7 18
87 8 17
87 9 38
87 10 123
87 11 181
87 12 46
87 13 21
87 14 91
87 15 182
87 16 43
87 17 216
87 18 20
87 19 141
87 20 244
87 21 198
87 22 237
87 23 166
87 24 170
87 25 130
87 26 30
87 27 216
87 28 14
87 29 106
87 30 233
87 31 21
87 32 115
87 33 136
87 34 10
87 35 139
87 36 131
87 37 181
87 38 159
87 39 126
87 40 219
87 41 29
87 42 202
87 43 148
87 44 35
87 45 85
87 46 171
87 47 70
87 48 206
87 49 236
87 50 42
87 51 110
87 52 118
87 53 216
87 54 99
87 55 129
87 56 175
87 57 184
87 58 165
87 59 180
87 60 119
87 61 191
87 62 129
87 63 52
87 64 59
87 65 103
87 66 155
87 67 218
87 68 60
87 69 103
87 70 177
87 71 229
87 72 17
87 73 209
87 74 3
87 75 166
87 76 209
87 77 125
87 78 238
87 79 70
87 80 49
87 81 132
87 82 218
87 83 14
87 84 155
87 85 129
87 86 219
87 87 192
87 88 194
87 89 25
87 90 247
87 91 93
87 92 100
87 93 165
87 94 215
87 95 132
87 96 129
87 97 165
87 98 96
87 99 27
88 0 62
88 1 96
88 2 140
88 3 126
88 4 83
88 5 42
88 6 135
88 7 178
88 8 71
88 9 84
88 10 198
88 11 223
88 12 80
88 13 75
88 14 4
88 15 104
88 16 67
88 17 113
88 18 39
88 19 123
88 20 208
88 21 40
88 22 209
88 23 34
88 24 220
88 25 210
88 26 22
88 27 69
88 28 166
88 29 63
88 30 198
88 31 2
88 32 175
88 33 161
88 34 198
88 35 5
88 36 163
88 37 130
88 38 110
88 39 41
88 40 72
88 41 174
88 42 82
88 43 33
88 44 227
88 45 141
88 46 232
88 47 199
88 48 100
88 49 118
88 50 141
88 51 80
88 52 57
88 53 190
88 54 135
88 55 188
88 56 163
88 57 146
88 58 227
88 59 234
88 60 196
88 61 8
88 62 201
88 63 244
88 64 233
88 65 5
88 66 184
88 67 244
88 68 220
88 69 129
88 70 108
88 71 7
88 72 227
88 73 190
88 74 57
88 75 0
88 76 84
88 77 135
88 78 41
88 79 63
88 80 230
88 81 74
88 82 166
88 83 134
88 84 17
88 85 11
88 86 200
88 87 137
88 88 217
88 89 35
88 90 39
88 91 52
88 92 38
88 93 215
88 94 22
88 95 106
88 96 234
88 97 40
88 98 141
88 99 221
89 0 235
89 1 214
89 2 128
89 3 114
89 4 82
89 5 127
89 6 114
89 7 71
89 8 162
89 9 129
89 10 136
89 11 141
89 12 28
89 13 190
89 14 64
89 15 57
89 16 234
89 17 87
89 18 136
89 19 160
89 20 81
89 21 247
89 22 126
89 23 210
89 24 131
89 25 188
89 26 121
89 27 118
89 28 82
89 29 21
89 30 218
89 31 56
89 32 136
89 33 151
89 34 88
89 35 34
89 36 169
89 37 226
89 38 136
89 39 119
89 40 101
89 41 192
89 42 212
89 43 162
89 44 41
89 45 33
89 46 13
89 47 48
89 48 168
89 49 116
89 50 154
89 51 192
89 52 96
89 53 246
89 54 71
89 55 34
89 56 130
89 57 56
89 58 87
89 59 105
89 60 15
89 61 159
89 62 155
89 63 39
89 64 178
89 65 233
89 66 143
89 67 16
89 68 102
89 69 19
89 70 239
89 71 92
89 72 52
89 73 100
89 74 39
89 75 166
89 76 35
89 77 65
89 78 133
89 79 62
89 80 90
89 81 147
89 82 89
89 83 81
89 84 197
89 85 35
89 86 170
89 87 111
89 88 121
89 89 68
89 90 204
89 91 201
89 92 43
89 93 66
89 94 240
89 95 30
89 96 173
89 97 127
89 98 100
89 99 68
90 0 70
90 1 164
90 2 171
90 3 207
90 4 103
90 5 177
90 6 173
90 7 31
90 8 2
90 9 217
90 10 31
90 11 107
90 12 157
90 13 60
90 14 226
90 15 17
90 16 53
90 17 156
90 18 55
90 19 116
90 20 224
90 21 76
90 22 68
90 23 214
90 24 9
90 25 121
90 26 20
90 27 79
90 28 225
90 29 118
90 30 252
90 31 168
90 32 210
90 33 96
90 34 225
90 35 201
90 36 17
90 37 150
90 38 238
90 39 116
90 40 195
90 41 10
90 42 153
90 43 204
90 44 161
90 45 113
90 46 248
90 47 0
90 48 28
90 49 190
90 50 212
90 51 227
90 52 102
90 53 204
90 54 93
90 55 207
90 56 16
90 57 245
90 58 148
90 59 179
90 60 45
90 61 173
90 62 9
90 63 28
90 64 61
90 65 73
90 66 119
90 67 122
90 68 76
90 69 73
90 70 149
90 71 23
90 72 245
90 73 197
90 74 12
90 75 45
90 76 149
90 77 26
90 78 93
90 79 191
90 80 19
90 81 196
90 82 242
90 83 120
90 84 30
90 85 192
90 86 172
90 87 182
90 88 156
90 89 144
90 90 177
90 91 146
90 92 161
90 93 180
90 94 38
90 95 125
90 96 238
90 97 157
90 98 23
90 99 93
91 0 220
91 1 175
91 2 223
91 3 83
91 4 163
91 5 120
91 6 88
91 7 35
91 8 192
91 9 217
91 10 55
91 11 120
91 12 54
91 13 10
91 14 149
91 15 173
91 16 44
91 17 213
91 18 227
91 19 80
91 20 52
91 21 245
91 22 168
91 23 98
91 24 131
91 25 91
91 26 28
91 27 10
91 28 125
91 29 123
91 30 73
91 31 243
91 32 59
91 33 169
91 34 160
91 35 36
91 36 205
91 37 2
91 38 44
91 39 173
91 40 164
91 41 230
91 42 167
91 43 127
91 44 40
91 45 140
91 46 236
91 47 81
91 48 222
91 49 42
91 50 155
91 51 20
91 52 47
91 53 190
91 54 232
91 55 185
91 56 55
91 57 88
91 58 199
91 59 75
91 60 182
91 61 90
91 62 29
91 63 72
91 64 175
91 65 212
91 66 216
91 67 208
91 68 35
91 69 228
91 70 164
91 71 46
91 72 44
91 73 221
91 74 240
91 75 87
91 76 84
91 77 210
91 78 18
91 79 214
91 80 18
91 81 180
91 82 133
91 83 116
91 84 176
91 85 123
91 86 64
91 87 45
91 88 38
91 89 224
91 90 234
91 91 230
91 92 48
91 93 122
91 94 131
91 95 121
91 96 120
91 97 30
91 98 179
91 99 45
92 0 212
92 1 20
92 2 136
92 3 104
92 4 172
92 5 165
92 6 206
92 7 27
92 8 120
92 9 3
92 10 233
92 11 228
92 12 247
92 13 126
92 14 90
92 15 173
92 16 90
92 17 92
92 18 55
92 19 177
92 20 189
92 21 168
92 22 162
92 23 165
92 24 151
92 25 185
92 26 91
92 27 155
92 28 65
92 29 79
92 30 31
92 31 243
92 32 79
92 33 127
92 34 44
92 35 15
92 36 6
92 37 85
92 38 53
92 39 162
92 40 43
92 41 185
92 42 47
92 43 67
92 44 82
92 45 100
92 46 196
92 47 103
92 48 29
92 49 94
92 50 211
92 51 210
92 52 33
92 53 124
92 54 29
92 55 24
92 56 139
92 57 114
92 58 24
92 59 224
92 60 62
92 61 156
92 62 159
92 63 136
92 64 33
92 65 68
92 66 217
92 67 240
92 68 3
92 69 233
92 70 67
92 71 130
92 72 135
92 73 151
92 74 193
92 75 71
92 76 180
92 77 41
92 78 46
92 79 209
92 80 143
92 81 213
92 82 125
92 83 215
92 84 44
92 85 252
92 86 161
92 87 29
92 88 76
92 89 123
92 90 191
92 91 32
92 92 58
92 93 108
92 94 135
92 95 41
92 96 42
92 97 101
92 98 73
92 99 202
93 0 172
93 1 71
93 2 91
93 3 154
93 4 44
93 5 73
93 6 21
93 7 28
93 8 239
93 9 70
93 10 60
93 11 134
93 12 30
93 13 228
93 14 124
93 15 155
93 16 16
93 17 91
93 18 76
93 19 37
93 20 139
93 21 119
93 22 22
93 23 146
93 24 48
93 25 135
93 26 232
93 27 0
93 28 126
93 29 114
93 30 79
93 31 93
93 32 206
93 33 190
93 34 114
93 35 145
93 36 41
93 37 220
93 38 166
93 39 152
93 40 222
93 41 12
93 42 233
93 43 140
93 44 107
93 45 127
93 46 9
93 47 76
93 48 40
93 49 223
93 50 227
93 51 50
93 52 222
93 53 249
93 54 234
93 55 244
93 56 10
93 57 223
93 58 246
93 59 219
93 60 113
93 61 183
93 62 66
93 63 168
93 64 170
93 65 168
93 66 13
93 67 11
93 68 162
93 69 187
93 70 222
93 71 42
93 72 147
93 73 169
93 74 140
93 75 211
93 76 181
93 77 136
93 78 154
93 79 94
93 80 197
93 81 86
93 82 0
93 83 118
93 84 209
93 85 28
93 86 167
93 87 150
93 88 119
93 89 20
93 90 217
93 91 0
93 92 169
93 93 224
93 94 90
93 95 112
93 96 12
93 97 245
93 98 175
93 99 34
94 0 46
94 1 128
94 2 55
94 3 179
94 4 169
94 5 214
94 6 207
94 7 241
94 8 16
94 9 61
94 10 28
94 11 5
94 12 222
94 13 123
94 14 27
94 15 191
94 16 150
94 17 46
94 18 20
94 19 254
94 20 212
94 21 111
94 22 97
94 23 104
94 24 24
94 25 179
94 26 242
94 27 160
94 28 204
94 29 251
94 30 127
94 31 52
94 32 239
94 33 58
94 34 46
94 35 195
94 36 131
94 37 193
94 38 195
94 39 129
94 40 11
94 41 152
94 42 192
94 43 173
94 44 14
94 45 32
94 46 245
94 47 242
94 48 47
94 49 114
94 50 119
94 51 149
94 52 217
94 53 152
94 54 55
94 55 113
94 56 106
94 57 28
94 58 168
94 59 184
94 60 93
94 61 135
94 62 124
94 63 59
94 64 152
94 65 48
94 66 127
94 67 2
94 68 126
94 69 112
94 70 207
94 71 199
94 72 170
94 73 179
94 74 34
94 75 240
94 76 139
94 77 166
94 78 86
94 79 93
94 80 53
94 81 133
94 82 104
94 83 121
94 84 91
94 85 4
94 86 209
94 87 249
94 88 221
94 89 118
94 90 99
94 91 198
94 92 79
94 93 16
94 94 128
94 95 54
94 96 130
94 97 54
94 98 57
94 99 0
95 0 120
95 1 171
95 2 87
95 3 139
95 4 234
95 5 16
95 6 214
95 7 111
95 8 153
95 9 248
95 10 165
95 11 95
95 12 56
95 13 54
95 14 21
95 15 181
95 16 36
95 17 110
95 18 37
95 19 159
95 20 145
95 21 92
95 22 105
95 23 248
95 24 115
95 25 201
95 26 71
95 27 239
95 28 215
95 29 235
95 30 70
95 31 18
95 32 64
95 33 45
95 34 94
95 35 125
95 36 42
95 37 223
95 38 110
95 39 78
95 40 89
95 41 203
95 42 18
95 43 226
95 44 18
95 45 156
95 46 210
95 47 58
95 48 61
95 49 127
95 50 244
95 51 96
95 52 181
95 53 2
95 54 238
95 55 6
95 56 177
95 57 62
95 58 91
95 59 233
95 60 136
95 61 36
95 62 68
95 63 60
95 64 30
95 65 125
95 66 170
95 67 69
95 68 212
95 69 178
95 70 246
95 71 78
95 72 212
95 73 219
95 74 166
95 75 77
95 76 73
95 77 79
95 78 245
95 79 225
95 80 232
95 81 135
95 82 228
95 83 52
95 84 2
95 85 27
95 86 85
95 87 128
95 88 213
95 89 57
95 90 222
95 91 70
95 92 8
95 93 118
95 94 128
95 95 184
95 96 104
95 97 127
95 98 51
95 99 0
96 0 167
96 1 252
96 2 130
96 3 95
96 4 95
96 5 215
96 6 136
96 7 93
96 8 131
96 9 101
96 10 26
96 11 41
96 12 89
96 13 112
96 14 166
96 15 179
96 16 80
96 17 143
96 18 246
96 19 97
96 20 201
96 21 25
96 22 98
96 23 125
96 24 37
96 25 229
96 26 225
96 27 124
96 28 25
96 29 129
96 30 205
96 31 239
96 32 200
96 33 170
96 34 11
96 35 251
96 36 94
96 37 65
96 38 132
96 39 222
96 40 190
96 41 78
96 42 123
96 43 204
96 44 175
96 45 253
96 46 240
96 47 223
96 48 76
96 49 4
96 50 23
96 51 86
96 52 133
96 53 18
96 54 189
96 55 30
96 56 50
96 57 132
96 58 96
96 59 95
96 60 213
96 61 32
96 62 127
96 63 53
96 64 54
96 65 29
96 66 227
96 67 97
96 68 71
96 69 63
96 70 77
96 71 190
96 72 242
96 73 40
96 74 80
96 75 251
96 76 113
96 77 58
96 78 119
96 79 167
96 80 174
96 81 37
96 82 181
96 83 2
96 84 216
96 85 192
96 86 246
96 87 216
96 88 182
96 89 154
96 90 25
96 91 1
96 92 230
96 93 29
96 94 158
96 95 73
96 96 193
96 97 89
96 98 110
96 99 134
97 0 117
97 1 36
97 2 202
97 3 249
97 4 77
97 5 155
97 6 190
97 7 254
97 8 239
97 9 71
97 10 129
97 11 80
97 12 113
97 13 241
97 14 133
97 15 65
97 16 60
97 17 100
97 18 76
97 19 184
97 20 12
97 21 239
97 22 78
97 23 50
97 24 9
97 25 15
97 26 160
97 27 9
97 28 108
97 29 141
97 30 113
97 31 208
97 32 74
97 33 49
97 34 71
97 35 85
97 36 62
97 37 125
97 38 203
97 39 5
97 40 27
97 41 232
97 42 93
97 43 111
97 44 122
97 45 7
97 46 219
97 47 211
97 48 220
97 49 250
97 50 13
97 51 13
97 52 164
97 53 236
97 54 108
97 55 148
97 56 63
97 57 99
97 58 60
97 59 175
97 60 86
97 61 169
97 62 236
97 63 87
97 64 135
97 65 205
97 66 225
97 67 175
97 68 180
97 69 16
97 70 42
97 71 27
97 72 70
97 73 212
97 74 244
97 75 25
97 76 162
97 77 13
97 78 24
97 79 159
97 80 219
97 81 16
97 82 78
97 83 75
97 84 193
97 85 225
97 86 22
97 87 183
97 88 181
97 89 81
97 90 17
97 91 60
97 92 77
97 93 78
97 94 203
97 95 101
97 96 47
97 97 40
97 98 102
97 99 119
98 0 93
98 1 61
98 2 224
98 3 192
98 4 235
98 5 240
98 6 65
98 7 79
98 8 67
98 9 219
98 10 7
98 11 162
98 12 8
98 13 18
98 14 164
98 15 222
98 16 193
98 17 122
98 18 150
98 19 138
98 20 169
98 21 12
98 22 207
98 23 213
98 24 19
98 25 127
98 26 28
98 27 146
98 28 15
98 29 128
98 30 158
98 31 82
98 32 76
98 33 178
98 34 175
98 35 82
98 36 197
98 37 237
98 38 115
98 39 12
98 40 57
98 41 225
98 42 26
98 43 198
98 44 102
98 45 123
98 46 109
98 47 251
98 48 216
98 49 64
98 50 30
98 51 115
98 52 242
98 53 225
98 54 205
98 55 136
98 56 88
98 57 103
98 58 207
98 59 224
98 60 220
98 61 13
98 62 147
98 63 77
98 64 245
98 65 181
98 66 192
98 67 30
98 68 178
98 69 249
98 70 19
98 71 88
98 72 199
98 73 37
98 74 35
98 75 152
98 76 101
98 77 234
98 78 165
98 79 224
98 80 56
98 81 93
98 82 77
98 83 225
98 84 146
98 85 20
98 86 244
98 87 132
98 88 68
98 89 116
98 90 109
98 91 50
98 92 19
98 93 109
98 94 66
98 95 101
98 96 187
98 97 97
98 98 159
98 99 105
99 0 146
99 1 82
99 2 199
99 3 228
99 4 158
99 5 13
99 6 162
99 7 60
99 8 247
99 9 61
99 10 69
99 11 215
99 12 173
99 13 6
99 14 196
99 15 42
99 16 245
99 17 106
99 18 189
99 19 40
99 20 70
99 21 127
99 22 234
99 23 111
99 24 200
99 25 252
99 26 242
99 27 221
99 28 168
99 29 227
99 30 132
99 31 248
99 32 14
99 33 188
99 34 160
99 35 252
99 36 73
99 37 124
99 38 196
99 39 229
99 40 194
99 41 167
99 42 237
99 43 115
99 44 80
99 45 230
99 46 156
99 47 51
99 48 3
99 49 202
99 50 214
99 51 239
99 52 86
99 53 106
99 54 174
99 55 115
99 56 201
99 57 96
99 58 53
99 59 54
99 60 47
99 61 54
99 62 137
99 63 9
99 64 66
99 65 129
99 66 85
99 67 70
99 68 250
99 69 224
99 70 65
99 71 169
99 72 103
99 73 231
99 74 40
99 75 6
99 76 171
99 77 136
99 78 5
99 79 198
99 80 2
99 81 82
99 82 184
99 83 73
99 84 254
99 85 194
99 86 30
99 87 20
99 88 244
99 89 35
99 90 196
99 91 156
99 92 85
99 93 208
99 94 190
99 95 44
99 96 235
99 97 125
99 98 162
99 99 232
