0.3656682444031485 0.13721230058827705 0.0
0.7321226850196403 0.2422252846297771 1.0
0.6734193943657999 0.9278667580478952 0.0
0.5111892632400842 0.9489984935457585 0.0
0.37100595884950993 0.3342436218303433 1.0
0.34959616875496535 0.8837124102237354 1.0
0.7956794454341977 0.8720894201615851 1.0
0.5414362664835943 0.7735894465821319 0.0
0.3529659196388998 0.04358551361736063 0.0
0.036345292020104725 0.8481893857138354 0.0
0.9875163702136819 0.7870374661471685 1.0
0.23449575432193281 0.7986136219006188 0.0
0.6830882986139949 0.3662742873243682 0.0
0.5986824466044678 0.4056372465169471 0.0
0.5305798526762261 0.2849714409510121 0.0
0.7145605188855588 0.3913880456774492 0.0
0.7343429001607555 0.7693253571763707 0.0
0.1249869098630142 0.1529731245866499 1.0
0.07915794733376913 0.6271044958670513 1.0
0.3141779492415351 0.33638786547360644 1.0
0.4827301164010831 0.5522786414488178 0.0
0.11689940359692885 0.45310959708817844 0.0
0.9825350069487436 0.9997603656188977 1.0
0.7891034408430718 0.6642225753738096 0.0
0.5147962968442771 0.40487355834763483 0.0
0.8661086035434549 0.02835035837195865 0.0
0.25418106577497923 0.8078133743508662 1.0
0.5840502177139392 0.9417816542010881 0.0
0.7430718145244869 0.7943828019803247 0.0
0.9882864040052677 0.06426898647080004 0.0
0.4064041957182156 0.04801803365812973 0.0
0.8850637074841505 0.04296660691842269 0.0
0.8820513623432663 0.9336661404100084 1.0
0.7206471239945575 0.481822670219067 0.0
0.616215458424561 0.6541430939271299 1.0
0.7661917641039653 0.7344854048679782 0.0
0.6496197109386466 0.8627582773115062 0.0
0.8867125127887165 0.41095832901330387 1.0
0.9434753488579557 0.4980534013019504 1.0
0.5344349959583371 0.7144053216820603 1.0
0.2584127217486478 0.28677636848427546 1.0
0.26368876882352277 0.05900083552815705 0.0
0.39001763910803977 0.49154268607382456 1.0
0.528353724310766 0.5558194632194038 1.0
0.9466813012086823 0.7654586108922261 1.0
0.8452625085910604 0.8632211910107286 1.0
0.0043249848607198604 0.622642230054043 1.0
0.29061159073298193 0.22615679622263218 0.0
0.697700149058812 0.13885826527995815 1.0
0.7193733238544834 0.4760146058178052 0.0
0.025024277507366466 0.7751281272119039 0.0
0.6496975663233769 0.5845179328515377 1.0
0.3832407556803503 0.1300678272037621 0.0
0.9384674000211466 0.4674511659776983 1.0
0.10670255588210265 0.42665421977142126 0.0
0.03660562895445241 0.1975342277061456 1.0
0.11445226024862432 0.8087530935107093 0.0
0.44738842360361264 0.0007353482768107655 0.0
0.3039985029044904 0.9541438360793845 1.0
0.1540151832013964 0.5487082271716488 1.0
0.7357485888397758 0.5714780581863937 1.0
0.24863106380128008 0.18171898381250806 1.0
0.5022662856999347 0.1328975476574762 1.0
0.9337112000105213 0.2576282808402466 1.0
0.6408479691582373 0.7247187383523471 1.0
0.9351171073040189 0.22080447998027253 0.0
0.46657690486791303 0.7095524636124639 0.0
0.3408393545412267 0.769488031375317 1.0
0.9148007322232878 0.32138291876299296 1.0
0.6169251350957119 0.03915930356937969 1.0
0.04730822695809267 0.2247862941850931 1.0
0.6645768634034686 0.8514021742453899 0.0
0.14957813525061903 0.03251949447619007 1.0
0.00539905804555485 0.6982604554238396 1.0
0.6227921611530101 0.039232300711331436 1.0
0.33379113359196133 0.778292340317937 1.0
0.2617217729182847 0.4756188900980527 1.0
0.0128442641584946 0.8892536688986886 0.0
0.15399630346850735 0.9943961586884591 0.0
0.9950773439868635 0.8845583662017429 1.0
0.9945142444712719 0.31542853957526396 1.0
0.9758010782071708 0.5040990221356767 0.0
0.5755092104087811 0.9452933980390174 0.0
0.04923017784346828 0.6186151172071571 1.0
0.031746679336211336 0.5277105958484599 1.0
0.5716195672211527 0.2872473154885533 0.0
0.09994892120264864 0.8459161204656012 0.0
0.3187465063306546 0.4337071796956966 1.0
0.9358687301525649 0.7722112198455262 1.0
0.9855977052780459 0.24594736255464766 0.0
0.4038616089317536 0.7268387287936751 0.0
0.12472942091980588 0.7735834461547886 0.0
0.1221927483009414 0.5099562676098239 1.0
0.4030051288523546 0.6105554658652064 0.0
0.27568138046744006 0.8418906120137726 1.0
0.07312047153673507 0.3615454326490324 0.0
0.9518773098747525 0.9304691807096751 1.0
0.9979982021102508 0.38498354955530356 1.0
0.18713790192273738 0.9664493226607154 0.0
0.5504043912546236 0.391599344939087 0.0
0.8511724555625511 0.37127728637993007 1.0
0.5551198789349522 0.33248787027895443 0.0
0.7716196589363903 0.9686618306724026 1.0
0.48429930925220843 0.21361085581574246 0.0
0.2825211699550372 0.17755735269437867 0.0
0.5780721568979348 0.9137747536003856 0.0
0.907208707973811 0.6517288922331659 0.0
0.858156630636744 0.374912605736313 1.0
0.1361509706024474 0.11435416185128788 1.0
0.06808646165331822 0.4323831826590625 0.0
0.6620934427322193 0.07698042739300437 1.0
0.7372811318413065 0.5082378335885953 1.0
0.604308164324597 0.49089824079042654 0.0
0.062180099951446355 0.4258775890813665 0.0
0.4495441510481687 0.6668926551052771 0.0
0.591559490617472 0.48554929456244433 0.0
0.9539865445224729 0.5550488002705624 0.0
0.680752691329911 0.5041476880678807 1.0
0.5200995141625088 0.9518012445953867 0.0
0.3785502601444709 0.3557634997524929 1.0
0.7800257499067444 0.5984733637073383 0.0
0.9013845958877551 0.3340793345629357 1.0
0.8491972096759035 0.8024175191645755 1.0
0.8631047763535011 0.08489993130646423 0.0
0.5522351690452127 0.915752160763123 0.0
0.6949300301295326 0.9818238099483548 0.0
0.18273593347630457 0.8523737862246511 0.0
0.6791166164952287 0.2231273824900617 1.0
0.1536485093249509 0.4810152982920378 0.0
0.9435926232662749 0.35032301700126134 1.0
0.3408378850521052 0.3413951997036532 1.0
0.0656430070010805 0.6937052226129753 1.0
0.6162867729817014 0.45180415908381943 0.0
0.8099804893546191 0.24772190934416982 0.0
0.2713901157991847 0.7440565015491006 0.0
0.4902320670983925 0.21894402614142427 0.0
0.5860219608202232 0.8164328464255849 0.0
0.1768109195657025 0.6055542403797767 1.0
0.6445689580138075 0.2928186536450582 0.0
0.3497258353977941 0.34785125351375146 1.0
0.2824159501896988 0.4822216804781049 1.0
0.7901804819054643 0.6642945072164885 0.0
0.9308841946131038 0.8991629407575791 1.0
0.7478891644448992 0.2692503531093292 0.0
0.7894810920148486 0.2429788060364918 0.0
0.48551532117530716 0.6272373271921217 0.0
0.5285804299765476 0.7422283886845585 1.0
0.6789293808046274 0.07116839606983871 1.0
0.7185399250962053 0.4102668077190168 0.0
0.4168771649093761 0.8061930391308713 1.0
0.9386184437226438 0.23960466496436883 0.0
0.42063563602048104 0.007732814725186721 0.0
0.9196834299474534 0.9346277068580033 1.0
0.0314994269378408 0.05812221886457425 1.0
0.3563149241560518 0.21533713269142818 0.0
0.6780303586317421 0.23622107295972716 1.0
0.24681485274801807 0.7340150454713416 1.0
0.2556314540461172 0.2660837952955478 1.0
0.09244881659462423 0.38021611748719053 0.0
0.7633263261243284 0.9713926376757587 1.0
0.07910096693316426 0.5388639871863387 1.0
0.5572452322533484 0.7077903015864371 1.0
0.1738317073078829 0.07464158774699836 1.0
0.519543434107118 0.5049225086969443 1.0
0.9562249658531351 0.2634834468026427 1.0
0.007980359804727 0.6778984758054994 1.0
0.3907589970236103 0.2355763158206109 0.0
0.6061758844686914 0.49185054738578826 0.0
0.142986250609767 0.07015351383472312 1.0
0.9459408326430678 0.2381443707254256 0.0
0.4456354751864495 0.20409189542189876 0.0
0.7019701653621367 0.7853500552245284 0.0
0.09382053469324148 0.6169818816266555 1.0
0.7639609239604713 0.15614189432757453 0.0
0.40571280706449553 0.9544533807134455 1.0
0.041045766301570086 0.7990706485042149 0.0
0.17482899039311917 0.614279520858778 1.0
0.447608856216555 0.9428426006147693 1.0
0.17870405856006166 0.17392147122046375 1.0
0.7384236307052057 0.6426966699656095 1.0
0.6430883191176389 0.26207511497597 0.0
0.711929531870428 0.8112233693109433 0.0
0.2478869430589814 0.319899985882539 0.0
0.15305132086053197 0.4365842875689452 0.0
0.048883529625537214 0.9023412174987905 0.0
0.417130982388927 0.8951305589906222 1.0
0.38925200137783234 0.05609469572875114 0.0
0.14702164695120024 0.9822233601149156 0.0
0.5123174424063007 0.3072918701125502 0.0
0.8943254455362266 0.8356621869977569 1.0
0.6172081926459089 0.9272942901739122 0.0
0.992716312975485 0.7219304754221163 0.0
0.9428992536506139 0.6587377952361904 0.0
0.013626132382049128 0.28518829752746566 0.0
0.06096486406431045 0.9048456421454423 0.0
0.18345514760123827 0.5688732731133956 1.0
0.568069014516889 0.8528153387921522 0.0
0.10426727409963321 0.9144456368619038 0.0
0.9737103818703057 0.2493925103650989 0.0
0.034688554284893036 0.4356892899029826 0.0
0.8638944912108562 0.8739597263422029 1.0
0.3106962656307921 0.37500224384546954 1.0
0.6106522032629619 0.408566633436642 0.0
0.8403806147281877 0.8655702593684158 1.0
0.2064625446691737 0.800772059981338 0.0
0.650313787837954 0.5988372982198088 1.0
0.916616906978987 0.6526750221199333 0.0
0.8578398116649 0.7699542465065109 1.0
0.6175515958690327 0.49659440749006367 0.0
0.8359871657692528 0.9823251715488632 1.0
0.968587448167195 0.8420543820669657 1.0
0.44842987307718196 0.8416353878182751 1.0
0.1580729466753391 0.9858836437418718 0.0
0.5642960059574084 0.882164855939587 0.0
0.631220181016604 0.9795595970347598 0.0
0.18492365983405912 0.5708317039541941 1.0
0.5414025747921489 0.06915390217430906 1.0
0.3532495299850037 0.04923196518274775 0.0
0.8027090326184794 0.003203554322323443 0.0
0.8277223099292349 0.13319675947165077 0.0
0.00040426872073417996 0.8531193376011132 0.0
0.5351284564276908 0.29812481610832 0.0
0.21659089859989178 0.4837912454252207 0.0
0.010034364023679077 0.24944751977552548 1.0
0.566300993142773 0.13263718015360682 1.0
0.098364909569705 0.47558325566519954 0.0
0.18584688009156491 0.7841931300097738 0.0
0.1040768620252347 0.0009702026625312277 1.0
0.17789539840471558 0.44089251054151923 0.0
0.8832860468538087 0.18574516004022035 0.0
0.9975616570835784 0.798232728138547 1.0
0.37925161879148306 0.8598795621997972 1.0
0.9847035452680793 0.6354674733003987 0.0
0.24268285219338548 0.5642392443185469 1.0
0.3215876601093065 0.6873675575580789 0.0
0.03616765523732279 0.49682836075828785 0.0
0.12426859159442916 0.5050707709366684 1.0
0.2848655800521426 0.39436134608846485 1.0
0.5044640550612084 0.9470711521155546 0.0
0.8480971649709355 0.749188013358123 0.0
0.8249185425094794 0.7276803736854809 0.0
0.8120313544987937 0.7480186285635575 0.0
0.9096400752997271 0.5420764716946034 0.0
0.09936936629311066 0.3338012442164606 0.0
0.2524554287337152 0.008694712815479289 0.0
0.9997395499329158 0.40814130714468455 1.0
0.3814856962322444 0.31633848204773596 1.0
0.04112024479696075 0.9921500866017493 0.0
0.5150311232735734 0.3646831457483867 0.0
0.16457613494433565 0.675980000957818 1.0
0.22692022391175315 0.16066762453334238 1.0
0.21697667841981705 0.07552060284591067 1.0
0.5567960706565391 0.2736794237219978 0.0
0.30362342858415914 0.1389900702386695 0.0
0.810803104118081 0.9623720116445298 1.0
0.32016126886974683 0.34229053753963967 1.0
0.05555883467469802 0.7390425306153068 1.0
0.4142246385099102 0.5359373997040456 0.0
0.8792941738485878 0.42127692142359563 1.0
0.9915676672694845 0.8404422102682177 1.0
0.8889632300265955 0.5108654074315458 0.0
0.48902451446216055 0.8887481742204674 1.0
0.7800874550264753 0.8012679010402987 1.0
0.25431584531413276 0.4321898589468266 1.0
0.9265136659910969 0.9142896040073084 1.0
0.5112965126672402 0.35044435143485353 0.0
0.03256558751281646 0.8021867743725875 0.0
0.7020630368559356 0.5389098002301538 1.0
0.8167686047925014 0.5491925578815008 0.0
0.8461119549387425 0.7167293528362361 0.0
0.4041278165917004 0.6755555867867967 0.0
0.23852263720122846 0.5945160974994232 1.0
0.649573474407306 0.3521526960517257 0.0
0.46510489774659125 0.38702758687843597 1.0
0.24095028338210156 0.5877334569136525 1.0
0.3700967416516199 0.02520893252879386 0.0
0.67463508672338 0.36532339651202583 0.0
0.604802047449955 0.05044122814455221 1.0
0.33557279954715424 0.3841253253010555 1.0
0.7272460232362135 0.8774265359347205 0.0
0.5256683900918788 0.6053232549301207 1.0
0.9964623777273006 0.9069834792957965 1.0
0.49488099037502864 0.9165942525792139 1.0
0.3515444569877839 0.638652313495799 0.0
0.6921546190995025 0.1602156647617914 1.0
0.16040812668192483 0.5451274404881393 1.0
0.7004323140936549 0.8779303903690561 0.0
0.2831544888087526 0.3738284550721265 1.0
0.15523386949902052 0.35417563105110206 0.0
0.8498314863460633 0.014089191345527219 0.0
0.33445515393194336 0.3812717057045004 1.0
0.43215912932373324 0.1548315777973429 0.0
0.385383057490879 0.6040456952644615 0.0
0.4458278906810855 0.7694727509262277 1.0
0.9680491908271426 0.9288975968774046 1.0
0.964390444382949 0.8966681840576083 1.0
0.9506806153622256 0.5571521446367093 0.0
0.02363082573845887 0.19645629950424914 1.0
0.3594370223718689 0.30116417215130664 1.0
0.7714892754808941 0.12027761214161503 0.0
0.317005957776066 0.08499708565494457 0.0
0.23311101597444417 0.6994653257484251 1.0
0.2682130798404142 0.998411861767058 1.0
0.21800671695250196 0.6192643395844712 1.0
0.8634194825635401 0.40113065050757046 1.0
0.6025846204082642 0.5417149015229833 1.0
0.42615543386107557 0.604910777617148 0.0
0.45158655232034917 0.33102559564623757 1.0
0.24763004690463175 0.07429093194476621 1.0
0.7038696163766918 0.07101326147238696 1.0
0.7910572760496517 0.2769672820655399 1.0
0.4781002851023215 0.5773893359504261 0.0
0.6608707532328103 0.5440384418646691 1.0
0.8752549469996749 0.6619698377420041 0.0
0.2804839329764456 0.4780178630935338 1.0
0.6634266039633975 0.8961808857999977 0.0
0.3122447999858784 0.6409072647140623 0.0
0.21404029102654143 0.6653441844714117 1.0
0.7540203116871307 0.46088280523981473 1.0
0.13575109320187084 0.378658958412855 0.0
0.5060701912265944 0.1512661436241881 1.0
0.6426120727651498 0.24455528949838978 1.0
0.5664351288248325 0.9445739416604171 0.0
0.5346747441933758 0.6390825076015713 1.0
0.14483575474979438 0.5240697493984889 1.0
0.20760985707751234 0.29541778757192527 0.0
0.22281073948220909 0.1403851774288878 1.0
0.6358874920617572 0.10950274145396133 1.0
0.3267248556760337 0.6788480698558619 0.0
0.38259975978638294 0.11672239079442648 0.0
0.280030025706442 0.5134210572941109 0.0
0.1983346729618839 0.333533640833777 0.0
0.29807822822336427 0.16095655616718552 0.0
0.15474641661067068 0.4583090925100073 0.0
0.41174046978283374 0.35922298148233955 1.0
0.6528873878465548 0.2748269438778109 0.0
0.9105440547428991 0.46222540026479164 1.0
0.39897953594071633 0.0017531780032176147 0.0
0.7525594491327203 0.8426773512141671 1.0
0.6469822460349225 0.4198454050581648 0.0
0.8393720008877307 0.024029646763244816 0.0
0.7190548104896738 0.26566626131212456 0.0
0.12743996697767945 0.5879038719114275 1.0
0.46169702257120415 0.955096854384342 1.0
0.258223919000523 0.10671738521702889 0.0
0.6105055627499905 0.32263787624722196 0.0
0.23306702939813562 0.2161551092202859 1.0
0.5136600327350141 0.19833833500347742 1.0
0.7051225855389224 0.11626503668779387 1.0
0.07986362717505113 0.7357467836988458 1.0
0.1568278114547338 0.4818522019907153 0.0
0.8552890986044136 0.16192087238765573 0.0
0.9455109895101261 0.7851296945066606 1.0
0.7705826897331668 0.018668541975615738 0.0
0.9148730770496918 0.3320613464149006 1.0
0.38665465288305245 0.6216641897941848 0.0
0.7931243190508438 0.088413606888752 0.0
0.47900312237377973 0.9994100307584085 1.0
0.16862647574560918 0.8575150847699252 0.0
0.8142208642624577 0.48290348837429575 1.0
0.13875102797632655 0.22390085192294418 1.0
0.19417602048825067 0.25927915612509067 0.0
0.3512459295530418 0.9391743006867287 1.0
0.6970012823380083 0.705103473258251 1.0
0.22193743046506476 0.057722565450239016 1.0
0.8843198633426389 0.24571512756015434 0.0
0.003712137324428766 0.9531967070760097 0.0
0.6346218397700317 0.2894175140150854 0.0
0.24710331123992302 0.28365700498957536 0.0
0.5403483329075698 0.016789840902522113 1.0
0.07767498551489227 0.5971640761368611 1.0
0.6467182533835703 0.6476050238111359 1.0
0.5471904550428588 0.03590814328343728 1.0
0.6271160350115448 0.30752522405123106 0.0
0.029712481471821928 0.8401913581405439 0.0
0.5577176298681916 0.5708550775375997 1.0
0.13417285279458468 0.05127927878690908 1.0
0.4129876434294496 0.33731134589322365 1.0
0.003315980535723795 0.9825676796516885 0.0
0.40551556527865584 0.20479302093407814 0.0
0.4034925950317608 0.37832981871429794 1.0
0.294899447668987 0.42637951952860353 1.0
0.34794758567901485 0.9757898109693173 1.0
0.6305734137536164 0.1326478823139886 1.0
0.7771747813768158 0.9180388410663206 1.0
0.34458085306326636 0.884150762981575 1.0
0.3402233380915498 0.48378408768845094 1.0
0.1460731989914329 0.8125591529505145 0.0
0.7894818829211451 0.15664939438954517 0.0
0.6973555583152795 0.1287572977168735 1.0
0.9889401807974882 0.9295556839308079 1.0
0.7330828698858957 0.6067596672593267 1.0
0.7648325525031563 0.6379961433689952 0.0
0.3498444633188946 0.8001001939150664 1.0
0.0035643792246274897 0.38541645470353036 0.0
0.25461386801849406 0.690423847691051 0.0
0.09537546680769005 0.13901988622514938 1.0
0.21673942870281981 0.42414095241660976 0.0
0.5481277554492598 0.4935201108446342 0.0
0.5056634531018929 0.5338129970394421 1.0
0.07492656484796312 0.4919585660867962 0.0
0.9772345997461279 0.19627540499784313 0.0
0.21696094902583962 0.7386669996258348 1.0
0.13081450974429054 0.9853024618770134 0.0
0.5324731845479281 0.8647335982673423 0.0
0.3698116265764424 0.442121150908654 1.0
0.5766258896976216 0.05877325874551187 1.0
0.08668427208426255 0.6599183650681704 1.0
0.43889409437120375 0.31358807401456534 1.0
0.43965186560207004 0.37323881497709765 1.0
0.036221874926035014 0.06171694707931319 1.0
0.15411057147785168 0.8585782347858107 0.0
0.6462592303128984 0.40410944350992895 0.0
0.4455605188963775 0.4278793511223442 1.0
0.18818757278898768 0.22311406412318524 1.0
0.35620877922938965 0.5276227739723798 0.0
0.501521022408005 0.6702182441792449 1.0
0.07376031595635069 0.15464677562997742 1.0
0.015517482816285622 0.2895696844154799 0.0
0.42682602765727984 0.01589816409126299 0.0
0.6332075015281498 0.08146631804755344 1.0
0.5120350238728407 0.1120038810651861 1.0
0.04068251907411069 0.8979552619582148 0.0
0.30040650684286074 0.8349434094171498 1.0
0.00975116747875382 0.48269147737395046 0.0
0.9879831042204532 0.01211629164440553 0.0
0.7711944447884814 0.6559023310224192 0.0
0.6365159263393019 0.7654730604678447 0.0
0.3507659501736077 0.0676240183235235 0.0
0.0759118319556169 0.7972400439648962 0.0
0.9266337309101735 0.15257167492904555 0.0
0.6962514989141815 0.5512876502827695 1.0
0.08444505529840407 0.35297160197525224 0.0
0.06293610495922297 0.4109277965779584 0.0
0.3107294367417951 0.3626729803671135 1.0
0.891818405065677 0.8206229433871358 1.0
0.46901653338051963 0.20604569624179814 0.0
0.6483422017109236 0.864352880780824 0.0
0.13699262078159458 0.6783629520804453 1.0
0.5336195287144074 0.6580218888275245 1.0
0.2908343403500181 0.3868476892911361 1.0
0.349979031978473 0.5370062551145274 0.0
0.7508254593423219 0.6046064683696297 0.0
0.7257501366372188 0.11330682215039767 1.0
0.6180874787545837 0.5529588243871573 1.0
0.08129545796572613 0.809982733139323 0.0
0.7051436611380664 0.5017255618477482 1.0
0.8517453355590281 0.007515812432531188 0.0
0.7760775259855914 0.31517313357610244 1.0
0.20508856385051 0.4199132388939697 0.0
0.9614585448616824 0.10099432825891008 0.0
0.06493335582081405 0.4631758810160522 0.0
0.3512362356932732 0.9701438986161778 1.0
0.42029534864217233 0.7536946801079051 1.0
0.9642924037681583 0.8753411152866256 1.0
0.13298621101710795 0.5913279379652856 1.0
0.9759909147449305 0.37697506591049135 1.0
0.4444842345932145 0.8697591419694686 1.0
0.9639491089503321 0.3184841627226058 1.0
0.8751404674779288 0.2612953829436391 1.0
0.23872837257747415 0.7037451000102553 1.0
0.3077360339197365 0.32778611455771745 1.0
0.39202800161053664 0.32327461682245384 1.0
0.8001879322857365 0.6472567219548381 0.0
0.22087229306988698 0.8320425799585114 0.0
0.5096707144165945 0.09208084122343496 1.0
0.28063677759582073 0.8558338864526182 1.0
0.2927724523913322 0.09302494449345888 0.0
0.44604275298714335 0.8888664130843494 1.0
0.9167786001098938 0.14138259235551132 0.0
0.1344508705206341 0.8028908559600588 0.0
0.7149168335751808 0.9149640527147073 0.0
0.5801827620625704 0.4174279556612205 0.0
0.43695319722614834 0.41360813845193345 1.0
0.678507514598387 0.4105194633974869 0.0
0.515897803312627 0.1781085394289399 1.0
0.32936445891447397 0.7512540646684928 1.0
0.15480511622877102 0.9648679571677296 0.0
0.4208194584109264 0.8771258557555243 1.0
0.036368042967537706 0.9140127539475863 0.0
0.9032478706768122 0.45512794634124476 1.0
0.22414434677369388 0.07306346946940456 1.0
0.7040790136423931 0.5467870114010015 1.0
0.39005120805308713 0.0823988218871301 0.0
0.32012530690118624 0.556908488542067 0.0
0.3405137981517484 0.7842841697765478 1.0
0.20298565250915346 0.8486055416628265 0.0
0.2035385358524051 0.5452835966390341 1.0
0.5488268877517934 0.6586938113085663 1.0
0.2721472992794004 0.5603618415675466 0.0
0.21300068048295095 0.6830776212982024 1.0
0.16881161501784314 0.6524037043872103 1.0
0.8892964451994528 0.4634012656073877 1.0
0.2880180370593668 0.36558168817327363 1.0
0.19195875013528318 0.14186166943983392 1.0
0.8936842048009308 0.7686285824457414 1.0
0.600911336117615 0.3329812061431032 0.0
0.17365593118189837 0.6525295832362762 1.0
0.3715511865250226 0.44701675752370784 1.0
0.6079824007100257 0.7009090643368152 1.0
0.24439444246563835 0.984945933905245 0.0
0.9976953859653669 0.31894341515328917 1.0
0.44180708181578565 0.6655174664627372 0.0
0.36484366437662985 0.36695918078990475 1.0
0.3015237795118667 0.9363936315821885 1.0
0.6926972303647144 0.42452535104972444 0.0
0.20512840616262584 0.43577527214279077 0.0
0.9482446995900887 0.8162990540264432 1.0
0.11276102899670182 0.3749759393975117 0.0
0.7579380526736588 0.740508462283354 0.0
0.08901674022775963 0.6733240123354463 1.0
0.769698200850968 0.0877943845515079 0.0
0.6694393454374993 0.15426949219755381 1.0
0.5617055192008943 0.9815381761204557 0.0
0.07202064021172738 0.2832318384081629 0.0
0.5517901779458003 0.1565250549701792 1.0
0.6566716572912112 0.9078346559829619 0.0
0.12833493588652678 0.1875097487477554 1.0
0.4469503069181907 0.6643139222563403 0.0
0.6843623452222756 0.1610956047998422 1.0
0.956266943461237 0.6072164481441897 0.0
0.7449155291003932 0.9469135599099865 0.0
0.027395790636913997 0.020835093001240312 1.0
0.45716233296901676 0.6367170623550764 0.0
0.8544409462221338 0.35686377106536316 1.0
0.563230088541849 0.29482082888950123 0.0
0.5377924089934403 0.8948745456758035 0.0
0.5215569324687004 0.19088576527913348 1.0
0.8065551911983545 0.7779717468886654 1.0
0.3944053922016345 0.36296552378048974 1.0
0.08350580568279331 0.778533218868419 0.0
0.1018123901613075 0.1065703050813579 1.0
0.6377747955445028 0.18150515108670184 1.0
0.862165254429319 0.8213662424584693 1.0
0.2779165191498414 0.2753276351038355 1.0
0.13254658017337217 0.06185757391676161 1.0
0.8194623775089018 0.4559044794960522 1.0
0.7365889230274016 0.17478790264405375 1.0
0.45571499363751267 0.8840828598888875 1.0
0.22679082827145136 0.34783748739439835 0.0
0.05160108445670841 0.3176138352882787 0.0
0.0030959911551812214 0.18853131640915388 1.0
0.530370794836525 0.8786327713621205 0.0
0.012072868561091687 0.17971653186457337 1.0
0.09656669513528005 0.17911828449856038 1.0
0.3414338438601203 0.7523836457759034 1.0
0.6543198485601679 0.19393176544563628 1.0
0.5335728428490308 0.9543072285878877 0.0
0.8687213631374319 0.7158349672471352 0.0
0.09197923015687581 0.1468774861488742 1.0
0.8289753292783806 0.14163321392353956 0.0
0.38248632759222834 0.769187638094389 1.0
0.16374914491028114 0.8262080185932524 0.0
0.06144963140219262 0.739705939398533 1.0
0.3190973415672035 0.5415727703608855 0.0
0.1439001975900318 0.013495274042386818 1.0
0.4751713783256457 0.2504623866674741 1.0
0.9610329391517536 0.3496480702406436 1.0
0.5165464184260491 0.252101084466824 0.0
0.7219675255501993 0.6053885406657575 1.0
0.12299227890153819 0.6308934723917241 1.0
0.47777581143257486 0.39082377665220736 1.0
0.26973148936528757 0.24522712505774835 0.0
0.5104582068596455 0.8169360459864187 0.0
0.2795894243597248 0.19892207999520528 0.0
0.7824745809347708 0.4297832681508349 1.0
0.4462399726788099 0.8300633693953042 1.0
0.16487397872290543 0.7361958994045165 1.0
0.7520742208893011 0.13987268389967888 0.0
0.3634864101924089 0.24287899620043885 0.0
0.3395957109855253 0.35290965646723327 1.0
0.5864122124527102 0.11498983615030756 1.0
0.8421132416054249 0.18087576402047312 0.0
0.7263278853545972 0.7579744885505386 0.0
0.2998358958672189 0.4168656534687526 1.0
0.6344935329565183 0.8156388483927826 0.0
0.14165131686763133 0.07443592955664624 1.0
0.1737454875939607 0.7751765353621302 0.0
0.5115790567368345 0.5246461935479839 1.0
0.12215114725786114 0.7478441217282656 1.0
0.7234516934059936 0.0933971251699226 1.0
0.2680323811217107 0.732780188172814 0.0
0.6968600020039712 0.7910006992611429 0.0
0.33652524979638554 0.1446354052651131 0.0
0.9077469901436934 0.7638564342869909 1.0
0.06381953225526582 0.3912929883735282 0.0
0.061708250046527136 0.6425402554609769 1.0
0.6312490618561526 0.6104110688547842 1.0
0.0020536798887189622 0.8410467487445478 0.0
0.008955432660274654 0.03757024729231184 1.0
0.3503052164323205 0.6303774854159411 0.0
0.8778135079366307 0.8146362259059753 1.0
0.015434111563292552 0.5143695368915538 1.0
0.4946580456290862 0.2925907132788763 1.0
0.44241270194466786 0.49607749801150647 1.0
0.3027101112104982 0.4620364183420925 1.0
0.3682565409556733 0.8066648673000472 1.0
0.3765003584279172 0.342003752268048 1.0
0.9401715337723652 0.5425158013473621 0.0
0.16079741712235218 0.6443675657533547 1.0
0.13677881347920262 0.026796325566508794 1.0
0.7342644730851865 0.39446565446540593 0.0
0.43691944324787535 0.17907700520674485 0.0
0.7128745683679649 0.3032955726835088 0.0
0.44178793241892234 0.2997407756069759 1.0
0.5596117139539609 0.9037413936301208 0.0
0.615014387798388 0.5809577949101065 1.0
0.45392646172875706 0.6512122050519435 0.0
0.7907135769514673 0.11375073896850607 0.0
0.6326469778501826 0.05296409454312745 1.0
0.11865147774768703 0.5669919617630862 1.0
0.1053612754418689 0.2297933706747447 1.0
0.3813232214087485 0.5113114850587605 0.0
0.48980101273922116 0.13656189830241772 0.0
0.8809154658242021 0.5212799657951731 0.0
0.9237154340018842 0.5659104828103374 0.0
0.8427126392075752 0.15763383302959832 0.0
0.874965651554712 0.5815784458833195 0.0
0.5786372926886237 0.291139221635893 0.0
0.79903882605291 0.6850426017503977 0.0
0.04306329619567739 0.31221739993043696 0.0
0.16771966812454053 0.33377157675713265 0.0
0.002695026554210056 0.2069000906631645 1.0
0.6142650693346815 0.2788483082289108 0.0
0.24013788357001942 0.6149737957389589 1.0
0.6729507874260185 0.24379293154362736 1.0
0.7490409386800295 0.12477840455919675 1.0
0.838120957624924 0.8302494928996105 1.0
0.224763956626719 0.821901202484526 0.0
0.5354389723503017 0.4116015715147172 0.0
0.5246675677548541 0.9339509410006883 0.0
0.2623318547692155 0.061462436105983786 0.0
0.09315527171819349 0.3684804209769419 0.0
0.4836820042716037 0.9607114368814182 1.0
0.37708425181046235 0.35234322402459206 1.0
0.2919650546039121 0.22454961549022612 0.0
0.450811153718486 0.7173702241019236 0.0
0.11148133356973722 0.027756218617394857 1.0
0.20528493303329043 0.2864328560155551 0.0
0.22360919156236447 0.8308782237941966 0.0
0.17738028831105812 0.9489211652103727 0.0
0.6295375332728973 0.8027852773154475 0.0
0.22050916373876295 0.8526949533326889 0.0
0.5795626766083968 0.30849846180343066 0.0
0.9439670746931295 0.9968555868977775 1.0
0.7544222791085449 0.18799495872500382 0.0
0.9398068479674101 0.6452033646582562 0.0
0.9569568065198638 0.39358624870920966 1.0
0.7390082489526563 0.024401180985718418 1.0
0.18796495512384792 0.04816730408663006 1.0
0.5193270174224882 0.37297939189752793 0.0
0.008513961740525988 0.35098322798519166 0.0
0.4507878270556559 0.9431998568438582 1.0
0.7152134535485816 0.479346699634456 0.0
0.725515184589168 0.2252096371532406 1.0
0.4043926979160388 0.04560728284375215 0.0
0.21182828977205237 0.1671057446279275 1.0
0.018244963528564972 0.4539190877055519 0.0
0.3589053150554753 0.6630814883271278 0.0
0.2840029965546934 0.06152289948722711 0.0
0.7519878616077178 0.1773207045770171 0.0
0.33351208718562286 0.6482747476541635 0.0
0.9734123220836965 0.5162430334533318 0.0
0.8537980930211937 0.9771088121916764 1.0
0.011138757145046752 0.912647703088124 0.0
0.07037320843183681 0.9343737723918102 0.0
0.4202038142584491 0.44402303678229826 1.0
0.34316526305569695 0.6087467286723751 0.0
0.24655408631206832 0.8145748801410896 0.0
0.5881582373171627 0.5092070101106773 1.0
0.9160795807640971 0.369556354449348 1.0
0.34027550749127256 0.696845659196767 0.0
0.7885949409527875 0.9515692682377404 1.0
0.05452894152867316 0.2902305457480572 0.0
0.18290558838425497 0.8267213073244274 0.0
0.36006360371110213 0.06624160684581026 0.0
0.2084612492568968 0.9996442058036488 0.0
0.3587529421967177 0.33580017129382944 1.0
0.6246325457987537 0.5554528214692204 1.0
0.4642102569139016 0.760423441211062 1.0
0.08334636035781384 0.08826993046250442 1.0
0.9132535885780133 0.0010051068728074153 0.0
0.9495190865108166 0.039882420907219274 0.0
0.24925605405865536 0.1770773431769872 1.0
0.2761786795151727 0.8166008818292102 1.0
0.8258963082641448 0.8397711319397233 1.0
0.9116301557743506 0.037405880535552716 0.0
0.0086514748960006 0.23694741184284063 1.0
0.21161615850710436 0.34925429476512027 0.0
0.2579004243540495 0.46140230823267947 1.0
0.40432269018081224 0.5774586511971763 0.0
0.9911719914009494 0.6731328893500185 0.0
0.2635742387080393 0.48974668241841857 1.0
0.9277488635728007 0.5445109594599612 0.0
0.006833349557691992 0.12264558500875222 1.0
0.1725950744304452 0.4764481310573756 0.0
0.09800765130579647 0.11076682914846925 1.0
0.3598327847499646 0.5848967182132288 0.0
0.26861180139145124 0.16292919341013035 0.0
0.9959567195292518 0.9766719335335136 1.0
0.4655168437302061 0.8542765010717983 1.0
0.6226711866496768 0.721433271164766 1.0
0.17506980468354083 0.8792185018350029 0.0
0.1064179661952459 0.10227578017099115 1.0
0.31635051855094953 0.4902092002398122 1.0
0.2780704602318168 0.5552360076881381 0.0
0.6012474968903848 0.3615910548352075 0.0
0.09826830629553485 0.11647987330226761 1.0
0.35109619278955384 0.418610009633109 1.0
0.9475183946796013 0.3360011061845315 1.0
0.7847866405780927 0.7769660428390146 1.0
0.010348428783958141 0.3181004763013384 0.0
0.3056670152207841 0.85922677966789 1.0
0.7056796140353877 0.4017350127598225 0.0
0.5528289757592167 0.10935033567049068 1.0
0.5173134688035703 0.7965265359378018 0.0
0.6468315480383585 0.775613755453985 0.0
0.17409025206958417 0.0005767743221205546 1.0
0.8229649379045115 0.20224838196148964 0.0
0.21713653943376354 0.6748361222179026 1.0
0.12410235014781013 0.34729508530938946 0.0
0.5700951402941706 0.5122789399637012 1.0
0.1435967201692483 0.9662272277853355 0.0
0.4086447462284598 0.7966213333222101 1.0
0.8336914071364403 0.6533282988348404 0.0
0.6514839552588294 0.869858540968527 0.0
0.9134698594853902 0.485431088959728 1.0
0.6924567361127814 0.5322260402186619 1.0
0.9238359061681103 0.46563015200108815 1.0
0.5946063325756643 0.7077748659703897 1.0
0.121759740573116 0.9163344684551197 0.0
0.09767683704322383 0.31746336697198907 0.0
0.3206850321688991 0.6580113713730656 0.0
0.9117136983501781 0.5548538881132914 0.0
0.048920931243330634 0.07552989159504897 1.0
0.09505633215775255 0.5721767991991644 1.0
0.5932880395853626 0.5371955695954043 1.0
0.9539451371273386 0.2654432132693034 1.0
0.5098297714922095 0.20433953575034924 1.0
0.7478594843664493 0.17530586195192055 1.0
0.8395851502209325 0.8448056060346518 1.0
0.77148951936141 0.1378395565942968 0.0
0.6580830461439008 0.1480111928394745 1.0
0.6275691579200163 0.692797003674439 1.0
0.8611748563386815 0.44147307966696336 1.0
0.40958980809629686 0.7465386961864732 0.0
0.2647963033946069 0.9300254891671667 1.0
0.26712067272109874 0.6990573413768912 0.0
0.06569470953344148 0.2561408284731942 0.0
0.6345390025891774 0.8412602203914057 0.0
0.23249796572955705 0.25101734604682246 0.0
0.07984490148346479 0.751372973614946 0.0
0.7005021037265078 0.08498398188881184 1.0
0.0077809441731014894 0.7316518183137561 1.0
0.4960412691092436 0.5201296842044966 0.0
0.8296636309658906 0.5036875454479263 0.0
0.45098718493157364 0.18806341923194425 0.0
0.09904280954129807 0.031442186805215266 1.0
0.9928271063439926 0.2893412513212599 1.0
0.14459524560995962 0.04183079816822999 1.0
0.09641883228524051 0.6634200131982173 1.0
0.7852464281873557 0.6246627341632862 0.0
0.29634319990768176 0.30543652324227355 1.0
0.14073780134285907 0.4518484744896243 0.0
0.014253976135543356 0.5460097260510233 1.0
0.16610551026428255 0.9935785385249143 0.0
0.05415812061251457 0.48062323474033875 0.0
0.2637087304138769 0.4108407473875241 1.0
0.3876199196261594 0.8918807600510743 1.0
0.5419410409005692 0.3938234370275664 0.0
0.46747544148288334 0.49084027014402853 1.0
0.7084104301390413 0.37113948618095605 0.0
0.2828773979091075 0.007758479196243839 0.0
0.19717759685884817 0.007673276929599737 1.0
0.4069577190433119 0.7082107929217021 0.0
0.646611460619862 0.6055922396943388 1.0
0.3975322894268656 0.08816194688543166 0.0
0.9642065940871605 0.9258455276376414 1.0
0.3116688770866848 0.9917493045372928 1.0
0.23381018554778144 0.6469351380075591 1.0
0.4556568036527685 0.5451937256434972 0.0
0.44282865776891844 0.44197543955943996 1.0
0.4704499908347911 0.5709894064590928 0.0
0.24465523723559512 0.6831787510321397 1.0
0.665790051360456 0.6215724513823729 1.0
0.4159368625646367 0.35342171473977635 1.0
0.40003624674513716 0.270613710271838 1.0
0.34769336640194026 0.6877151882261462 0.0
0.7861653399416014 0.8200953295724195 1.0
0.6501927195404128 0.4570590952500546 0.0
0.4434471145302086 0.1444618713856909 0.0
0.5778676821064317 0.3085003998161626 0.0
0.5017595063038178 0.5330230424291696 1.0
0.8024969654021245 0.1624940827137269 0.0
0.5736018762216194 0.7348423953995646 1.0
0.47250292164322205 0.6018365141613722 0.0
0.5721194353164731 0.9959382943539594 0.0
0.3014920391362692 0.20636164230611742 0.0
0.3973100365332971 0.1787924721745917 0.0
0.7755897542206636 0.7921125546942684 1.0
0.4766763237927226 0.8212706276871516 1.0
0.528321512882212 0.1090235892869248 1.0
0.9318032478730024 0.018516140318344476 0.0
0.16671932151586744 0.11760168413106253 1.0
0.7180393173183133 0.12323400666496709 1.0
0.5241237713624093 0.6679056647989675 1.0
0.8518892481161543 0.11245961498361012 0.0
0.7987709519764935 0.8777022605282168 1.0
0.2230995120625382 0.1222542921892078 1.0
0.4927715192084591 0.9289793355060493 1.0
0.13377886294158314 0.736364252974409 1.0
0.4829515827547721 0.9611462450735293 1.0
0.7799778234539136 0.6393672477034004 0.0
0.7432843704819878 0.30792809376562424 0.0
0.7860012336519895 0.4542510601044695 1.0
0.25438526388708926 0.21658965376215245 0.0
0.6772168908979684 0.008948261322149098 1.0
0.970736197800553 0.5542836332117329 0.0
0.45905156266785174 0.19876773723148955 0.0
0.19660739788345893 0.5959950755377097 1.0
0.5552905675387783 0.8504372988165758 0.0
0.2118180783968977 0.4657842510051632 0.0
0.4695928690126422 0.4540146114129542 1.0
0.7791822146729142 0.6738987219019502 0.0
0.16778068687509473 0.19863910292204623 1.0
0.26771729182286275 0.8518666090066004 1.0
0.04155011383550555 0.6174288494491758 1.0
0.11245802885184908 0.3487019960054586 0.0
0.2646259657950889 0.1488029298187865 0.0
0.3357073761579822 0.07367024895170238 0.0
0.7597256915568875 0.4622299085820325 1.0
0.791593437363878 0.3652450737239755 1.0
0.9239959090331653 0.29862744783780626 1.0
0.9352003380453834 0.12160407481675417 0.0
0.43950768467898815 0.9108440861800721 1.0
0.9643729342227975 0.5237238266381858 0.0
0.7635056164378007 0.5220992670547051 0.0
0.12678704289283438 0.19675614975090483 1.0
0.8609559462040594 0.6432627738210464 0.0
0.6202131013745532 0.21490344481209556 1.0
0.13905575921759628 0.049975910069427476 1.0
0.38095567910742734 0.726310511475222 0.0
0.8528393725440361 0.5060539925879104 0.0
0.8850955121313672 0.7090389916211994 0.0
0.11792463715579382 0.09187321046636487 1.0
0.7709837287727083 0.28450992225643157 1.0
0.06680732629645936 0.25570571585602797 0.0
0.3342921152279358 0.6460987421662375 0.0
0.3841814792034641 0.7391107954180299 0.0
0.5225762175320177 0.054379191251696546 1.0
0.06570034429261484 0.7667505803745083 0.0
0.7673949874306984 0.7148507036206987 0.0
0.3044950101684455 0.25315186785176136 1.0
0.022488296108490236 0.45765855122949795 0.0
0.38456102058713715 0.6388162746741916 0.0
0.14167468857632914 0.7796924503974151 0.0
0.8009342346381731 0.044427348626886354 0.0
0.972677269401377 0.12413072755307897 0.0
0.12249220372656955 0.8881144128412087 0.0
0.8448370583656775 0.3867485221063912 1.0
0.6712845171274684 0.23472936592071403 1.0
0.5556265946345377 0.8192456832398969 0.0
0.7489916441726335 0.5505111324663818 1.0
0.326697811893348 0.1651454578424848 0.0
0.2708715671454943 0.7690991737098605 1.0
0.44028622027092357 0.9380130796296922 1.0
0.3528278952318127 0.3003804911146277 1.0
0.6635831445131647 0.762886580101902 0.0
0.1936379027332671 0.9773209857013728 0.0
0.5377232853163979 0.32991708767893935 0.0
0.8197103372467883 0.9316525294838119 1.0
0.7244468239551359 0.39454551664157833 0.0
0.008648549186031307 0.4302205426071932 0.0
0.3263634480385138 0.9171776429829958 1.0
0.8395142706155836 0.7002822826519332 0.0
0.5572616505419323 0.534811072123646 1.0
0.2198251125636539 0.057247489345762514 1.0
0.8547207660852468 0.7713733787377062 1.0
0.9836893702515174 0.767585560885931 1.0
0.21949131949330059 0.6369344187820161 1.0
0.915867681661832 0.02837314654137768 0.0
0.2203163508793854 0.5147782122626174 1.0
0.01689935060226866 0.22122107928059176 1.0
0.7898141545988566 0.6851086251676319 0.0
0.3972779104658858 0.04335152613802595 0.0
0.3261468554521274 0.18254024006419622 0.0
0.7184485362513052 0.7457074795133388 1.0
0.48458996375795405 0.5434439584449724 0.0
0.519142079704373 0.6506905763362357 1.0
0.5375650260000153 0.396097817244233 0.0
0.23457958350685781 0.5732174938818678 1.0
0.6861149933109993 0.15270347125353867 1.0
0.42799838034032955 0.44219662729683296 1.0
0.04760018836844104 0.15967844115802587 1.0
0.6451247747283922 0.46107767180442083 0.0
0.8643233756240805 0.47098462788851525 1.0
0.647156003698521 0.49400716868623273 0.0
0.719616401331527 0.20080687186112767 1.0
0.7001805063613777 0.5112594292586062 1.0
0.4759692010855938 0.17791451147159565 0.0
0.585555973386877 0.630806130859249 1.0
0.5999339679074248 0.1860498213725672 1.0
0.7973313827474042 0.5359236743404842 0.0
0.10205657748166663 0.7393378065272931 1.0
0.4240264322373539 0.31419475680772535 1.0
0.9561959517643751 0.2527347662326803 1.0
0.24228438415503772 0.8730799903200145 0.0
0.9711271549746663 0.6033681908009151 0.0
0.324283389126628 0.7976755997272742 1.0
0.1896815635941771 0.4501940758935923 0.0
0.05393354934531858 0.4000051464195745 0.0
0.35924475448853666 0.6644564066713996 0.0
0.7725273593390676 0.7355185388105524 0.0
0.4598595834489144 0.7567491332038312 1.0
0.5827278776344962 0.9595870791095306 0.0
0.14440015462437927 0.8438254904006894 0.0
0.8308718459576031 0.6016367477216775 0.0
0.009585271352790747 0.6131834650076375 1.0
0.7887364295612282 0.03136168357821789 0.0
0.5346387460837876 0.492213752247585 0.0
0.046599310609716116 0.3127030223880807 0.0
0.06635836051962596 0.5219589293162828 1.0
0.3459005296898676 0.5030676787250951 0.0
0.1166087275115284 0.8109703323076958 0.0
0.9521160392521761 0.9973683904879196 1.0
0.3205503496878771 0.47192024258714704 1.0
0.16750920834780791 0.5776130663445522 1.0
0.7483897139662442 0.7044885929614658 1.0
0.5367023289585032 0.6817570382202482 1.0
0.7137537771212275 0.3840991968559292 0.0
0.9068851172209665 0.46021108209935535 1.0
0.2817020947954304 0.5792817531555858 0.0
0.5042979657142236 0.015968299981205747 1.0
0.04462077337010051 0.04343666029251125 1.0
0.7033666883195681 0.2691413122527878 0.0
0.5481899346982704 0.07219705112909047 1.0
0.5532221624412705 0.45983990679672926 0.0
0.16912109282111243 0.2025508212487812 1.0
0.2655409453288903 0.938917717381024 1.0
0.6143880449380547 0.02520364338330805 1.0
0.39922744627675344 0.5441908282106386 0.0
0.6278487336701252 0.9486584733032493 0.0
0.8595589576610533 0.6854417750149076 0.0
0.6764244094562984 0.4274777825220496 0.0
0.2585547646090057 0.07316680396389197 0.0
0.0636940884900461 0.7019580413053109 1.0
0.17971463541213717 0.25591392102384936 0.0
0.5268935742738515 0.7089408479203029 1.0
0.16297227212628673 0.38284289280761064 0.0
0.7882224113186648 0.03218878034433459 0.0
0.4697422711704742 0.16124084588287402 0.0
0.3233132861047622 0.38745585740930344 1.0
0.21517994075898983 0.6621390328640976 1.0
0.34346932730968305 0.7053441874179875 0.0
0.44521625224685424 0.51292611681487 0.0
0.5208991895343367 0.413331790919204 0.0
0.7557618498122001 0.18734685100441262 0.0
0.30704619040536063 0.03649975251273119 0.0
0.08011963665074051 0.617018077597144 1.0
0.4423938560635494 0.17197227107480095 0.0
0.017155947372329505 0.020906919183058537 1.0
0.10960692489412627 0.4826508015099026 0.0
0.7162247533630715 0.8297620532327565 0.0
0.9468369976492669 0.8215912924686627 1.0
0.681889560320231 0.7979971107183743 0.0
0.05686768033308365 0.7119914094134954 1.0
0.5053384093846346 0.8122928595612416 0.0
0.010316175886045276 0.7519358101523769 0.0
0.8859684299269711 0.02747273663175276 0.0
0.7384486712804844 0.2786095122932136 0.0
0.6639640390844519 0.2779391773488591 0.0
0.7796415183668788 0.5330191844767594 0.0
0.3277065343052258 0.9525686857641136 1.0
0.40122764518485643 0.7241488064767184 0.0
0.8475705284571841 0.4255392581858888 1.0
0.8795118038113284 0.32217774259669607 1.0
0.9776577726089205 0.7456447481839678 0.0
0.2426408905203138 0.008999916641278416 1.0
0.11307266313798492 0.9821051304546272 0.0
0.8010142793567847 0.3466201878807871 1.0
0.5957022820171661 0.3674875697148886 0.0
0.2048950732875603 0.16049319343945223 1.0
0.33304399268490614 0.416267338009612 1.0
0.6274771596905009 0.03194217862990234 1.0
0.5117087979163378 0.3486335645069931 0.0
0.9722709580061962 0.5410774922049225 0.0
0.5710856483562636 0.11156507064924326 1.0
0.15544918484026804 0.5084280444285146 1.0
0.17085983726606457 0.44677749558529334 0.0
0.48188713691157026 0.4897984116305557 1.0
0.4849935765124521 0.9314536028343532 1.0
0.1414932216170104 0.8406171678268402 0.0
0.7409529027230761 0.18251866655894267 1.0
0.42819494443660977 0.6015627134879626 0.0
0.0761638885921061 0.5103246154678258 1.0
0.1406081929316435 0.5371606672010966 1.0
0.21850835791478085 0.28021062779099126 0.0
0.6687783991856605 0.24664849267566535 1.0
0.21322574233073144 0.4578596458591847 0.0
0.33113859762733844 0.8537017504382758 1.0
