0.0010149493434075119 0.8153221183023817 0.0
0.5125871835081232 0.6972047171840509 1.0
0.04013914339553204 0.8194650877500533 0.0
0.40706525442289576 0.013195431831335647 1.0
0.9977092528355148 0.6730199482938731 1.0
0.48199712011291374 0.09518495672030514 1.0
0.7452059469901731 0.8047983550487852 1.0
0.26467242810004854 0.9059879513045531 0.0
0.1675719002223386 0.10183123089499813 1.0
0.39654248826189287 0.977998635001134 0.0
0.5004050535754192 0.06729322193897203 0.0
0.0398281685727192 0.8141798054457909 0.0
0.789596574595321 0.04566670102774262 0.0
0.8051331771781922 0.12498452082934108 0.0
0.546803057689982 0.7022045593486024 1.0
0.3732504619395245 0.43351033861416344 1.0
0.15842513091440902 0.03175053543106121 1.0
0.19523129156766905 0.49908342788581617 1.0
0.6318009639249199 0.06363991203264152 0.0
0.22742464185974764 0.463567398111858 1.0
0.7369414366095939 0.6853549153233462 1.0
0.7628669393365041 0.4373886508003302 0.0
0.860144244481259 0.4200828773126052 0.0
0.04840570444655368 0.8220371328483025 0.0
0.9264174803167712 0.7687174417789651 1.0
0.7651898277528794 0.008976694429455256 0.0
0.16379879186746837 0.047746794099945866 1.0
0.2621975728590302 0.9013718253143084 0.0
0.632268319494833 0.15109721644292784 0.0
0.5935059723044033 0.7672442449697014 1.0
0.1585815272662976 0.30993212301782536 1.0
0.5342970542372999 0.7087849474512454 1.0
0.21226481441152878 0.7028157053780797 0.0
0.9088416032515328 0.8281676352855618 1.0
0.05145610755705998 0.8496744179502979 0.0
0.06179552057586091 0.796312920364032 0.0
0.5570649372311013 0.08445969053758118 0.0
0.9350439716136223 0.3105118967982763 0.0
0.4141050498525909 0.5644491994366027 0.0
0.7820134272736519 0.6008251091687645 1.0
0.13218420573524425 0.17903683967289774 1.0
0.4569410674775136 0.1721403693677247 1.0
0.8639672540899815 0.5146478131025094 1.0
0.6836779591020252 0.6371148708716707 1.0
0.8715950924560948 0.4579776542858548 0.0
0.8928812029877893 0.22191998061859597 0.0
0.8408779304664714 0.3984698535980642 0.0
0.428049535893529 0.5392067197867604 0.0
0.02524824960793426 0.15207611699791102 1.0
0.3711623288064314 0.6744242122554449 0.0
0.13024042007005554 0.6950460150040437 0.0
0.6602656295077216 0.45549041994854866 0.0
0.9843475774643138 0.40630650910431854 0.0
0.8086946960287658 0.4721343259870411 0.0
0.9407593237439673 0.48894671434636816 0.0
0.05716650898483955 0.23452200812245916 1.0
0.7625041990211734 0.4780748346056707 0.0
0.31719657982726956 0.48059162403667777 1.0
0.8086971584249636 0.7782707029683736 1.0
0.175095874077843 0.6452545033012028 0.0
0.3803080098068764 0.42506567086669134 1.0
0.4673356557509434 0.9162506063963057 0.0
0.11629879161972145 0.7043506740923752 0.0
0.6123782559905355 0.8727748327027045 1.0
0.3749550964096071 0.682796297930627 0.0
0.2748825444960039 0.36729855476950724 1.0
0.5010155124158738 0.5472819752806687 1.0
0.16681302713372637 0.1462597787117127 1.0
0.7317223103485361 0.2635361956380613 0.0
0.13835998472702093 0.6743880277529206 0.0
0.17883155255968375 0.7877900791131983 0.0
0.25690312660357106 0.7819273192238052 0.0
0.9497602912069155 0.9017168485247378 1.0
0.7934889690499847 0.8097804186401117 1.0
0.2734690402676584 0.6433845367020896 0.0
0.1996303139336829 0.9437286966047163 0.0
0.08146361406091507 0.9999348201353845 0.0
0.19874671423676626 0.9889583044730149 0.0
0.05134549429023283 0.13640070220792688 1.0
0.5119398113853044 0.9853430753270659 1.0
0.6533859218693044 0.0630646937791346 0.0
0.605429054088575 0.6995431745974173 1.0
0.529694625361305 0.2715688831783478 0.0
0.4956399473151648 0.5287458392642992 0.0
0.8786495297409437 0.9491256306491223 1.0
0.582036622557619 0.19302844423182064 0.0
0.7554470784033634 0.7971297663639433 1.0
0.6438626506536064 0.7810144972790461 1.0
0.21965651912770667 0.45513744876782725 1.0
0.9452378484290418 0.9360961584765791 1.0
0.045912160198894436 0.26420688018957705 1.0
0.29259715554368493 0.25091685137490827 1.0
0.32806727358001386 0.39903677652040725 1.0
0.5169368068381492 0.3267600496906664 0.0
0.236867024677045 0.21332702346040855 1.0
0.32883579895448656 0.12354653574479546 1.0
0.9286357584415994 0.5476583162950968 1.0
0.14633584096190122 0.26863708975481715 1.0
0.26293931591908504 0.21670969830190623 1.0
0.7103904764108017 0.9642967480305016 1.0
0.22738005003453932 0.5374265699114029 0.0
0.4094855775044868 0.7239517771142908 0.0
0.8491618225982265 0.7394184694495283 1.0
0.8643489042003624 0.6449514423033277 1.0
0.931156989607265 0.8464417254274672 1.0
0.1429091917441203 0.39296667347579906 1.0
0.48486693554404636 0.1972288747158475 1.0
0.2770741439649367 0.4164073559866487 1.0
0.8959685580673548 0.37187909393153695 0.0
0.9183008959171748 0.816382662110236 1.0
0.8019978355285121 0.559392922713762 1.0
0.07446079700328034 0.2412145153584414 1.0
0.8936621232298473 0.5656729893537805 1.0
0.18543773103049732 0.3048007587680528 1.0
0.4109263960635754 0.39592805133162756 1.0
0.8117750206565076 0.5744175981179495 1.0
0.532687101338045 0.9496933354816453 1.0
0.6209652637810416 0.6946915833944385 1.0
0.12420487002567993 0.15088955029827544 1.0
0.6692772181418375 0.7874520833130916 1.0
0.6358326437785871 0.18237958276471122 0.0
0.4597221661221256 0.9283887516284711 0.0
0.4217493804374124 0.7735447822305128 0.0
0.18978217592850244 0.47263316628765384 1.0
0.10809716847544693 0.3752400019110401 1.0
0.6919103039345662 0.12067881890693366 0.0
0.918037479872625 0.06291306509528605 0.0
0.9325948693203069 0.08222979544225384 0.0
0.9667788507318296 0.8381362011577346 1.0
0.569752902170427 0.3014754218867297 0.0
0.8076996131152069 0.5579717860402308 1.0
0.790950658141192 0.9147382923358363 1.0
0.6094113707208028 0.16602515926812567 0.0
0.55623159553998 0.2668455386164261 0.0
0.772490481735246 0.037445150888266276 0.0
0.7512367328906339 0.7710407417772963 1.0
0.30639243972440233 0.18831219408004607 1.0
0.9082560296093755 0.7873125648257532 1.0
0.7842983773557183 0.9233909577048883 1.0
0.08896576796332778 0.9954775300476796 0.0
0.37992753958426306 0.20721535906789545 1.0
0.9101586528751467 0.8756916101870242 1.0
0.03408186793694101 0.3921851755254808 1.0
0.5572516016270295 0.8892201723147766 1.0
0.8643695149041963 0.5480706480774786 1.0
0.33013266835494803 0.39103829129670864 1.0
0.9413332991585444 0.3000917494082026 0.0
0.5931307928864986 0.3026371151627515 0.0
0.9938426544270269 0.14432601687221314 0.0
0.747945504635276 0.26299792948432776 0.0
0.7283722633923152 0.616281467661256 1.0
0.5814174440834681 0.3237398477802478 0.0
0.510490429327286 0.056910371958849404 0.0
0.9792598113544596 0.43368137853304245 0.0
0.14597394872222902 0.431214509188256 1.0
0.9950177027804648 0.24849511206093333 0.0
0.6557231349769818 0.5557432590034107 1.0
0.4202532846097563 0.07441602869638098 1.0
0.07046744583398235 0.809395553963315 0.0
0.010798308612040008 0.9268228782188855 0.0
0.42128484859513327 0.48881746447524843 1.0
0.9301543554974158 0.1123309233387304 0.0
0.7249873411449919 0.30712804968396945 0.0
0.8429885321316267 0.8717675361856284 1.0
0.8266793987613829 0.3584506446767326 0.0
0.3363068331029959 0.8345578306349913 0.0
0.9015962863639817 0.9560531506035338 1.0
0.5930403646778565 0.07275392096136235 0.0
0.22326096157241127 0.24372890618374266 1.0
0.6247774813539541 0.28383191382272055 0.0
0.7679786316735387 0.6217192384265955 1.0
0.41944044516907864 0.20333553811928973 1.0
0.6463759378574263 0.6747661406126148 1.0
0.9786919924622699 0.5987354157049127 1.0
0.4996369304744207 0.7027071129974574 0.0
0.6603436429419753 0.29003202191711275 0.0
0.753347367914349 0.6098358231226602 1.0
0.10474856657155807 0.9278130103645418 0.0
0.8610380185411455 0.27251486432977745 0.0
0.4963168350221452 0.15913174057461532 1.0
0.7145850001288071 0.37563402073917196 0.0
0.20645898131097173 0.9136476538231835 0.0
0.1445876916645522 0.174880219555683 1.0
0.7633618103888012 0.12196069916890562 0.0
0.6612487038409768 0.3383544604164237 0.0
0.019294829111536793 0.8024416729734464 0.0
0.317483525254182 0.7767358973731873 0.0
0.8884608612920152 0.7416759549448246 1.0
0.48053209975381705 0.7179791956240907 0.0
0.5860975795733947 0.40845687745108206 0.0
0.9271611736981951 0.4408541589899213 0.0
0.26815674917044974 0.4624396313744018 1.0
0.43249175013771 0.4538522550749423 1.0
0.5491417710875534 0.044671415777608026 0.0
0.557411719852083 0.7750025290207802 1.0
0.6952934316666712 0.5614285628084505 1.0
0.8143037598120422 0.41089689267421214 0.0
0.4850439820115059 0.08176364250067814 1.0
0.3359009646509932 0.15157367180744807 1.0
0.12832697548979655 0.7541508764927913 0.0
0.6139830447553857 0.8324712190795357 1.0
0.11116422915255253 0.46346570300170886 1.0
0.4047321965621685 0.24278926871376827 1.0
0.057076342572786376 0.8591159415762091 0.0
0.24581315542043858 0.3006860252415393 1.0
0.6062874555035178 0.7368808389138534 1.0
0.9835715236098257 0.4474457841908762 0.0
0.018678727688569485 0.5020498009461318 0.0
0.2186449789141649 0.2766700937390687 1.0
0.545161128806207 0.4419313122610432 0.0
0.9982706106579694 0.4020652859828022 0.0
0.823767653866449 0.07292613328144693 0.0
0.48172562890422554 0.3347624233986731 1.0
0.4995955089158439 0.30126386889583945 1.0
0.5930620206687178 0.20082906490923857 0.0
0.7590879658138029 0.19910730372413088 0.0
0.20453096785310265 0.6975987900172916 0.0
0.9051105762367034 0.4253305824195204 0.0
0.11461786766782611 0.6761755331691028 0.0
0.3241668177421816 0.4133885861387926 1.0
0.8812551438289536 0.2670608252899207 0.0
0.4115223801995287 0.07655759579869215 1.0
0.6099797070498715 0.7375876352267109 1.0
0.2148395041946468 0.78626303416248 0.0
0.49481331442740395 0.4833472754363586 1.0
0.9091622892976394 0.7011200280262853 1.0
0.7427322212489627 0.8542799972081326 1.0
0.9840879336667777 0.18388585971465643 0.0
0.07483814956161616 0.5000703364124383 0.0
0.6235526927361711 0.42944213915978957 0.0
0.9871405922084902 0.4352227978559896 0.0
0.26056060357477473 0.2582329769543851 1.0
0.8252651842149306 0.7945839167908748 1.0
0.5847724266905304 0.17599670353560748 0.0
0.9472092543708464 0.29151504024060193 0.0
0.9591750268086808 0.26177091235658045 0.0
0.015547516925249472 0.14795204311066457 1.0
0.20233455959464808 0.17939361903866613 1.0
0.20955017808000498 0.34273117858057967 1.0
0.01717375459288728 0.08083351978672815 1.0
0.9332973863116982 0.8933472816517637 1.0
0.7019584004832845 0.5984409753203787 1.0
0.7505573511294407 0.21069154402179624 0.0
0.7564939077562466 0.7620998840678792 1.0
0.535353524384334 0.501075586285216 1.0
0.12500041635752057 0.9844972763381261 0.0
0.5187131815406928 0.905591718991571 1.0
0.3235565074987 0.9213978822873985 0.0
0.7047241457343467 0.299964600705512 0.0
0.06576205204541152 0.06612644898111597 1.0
0.32862993605578517 0.3574063797509438 1.0
0.5849442049535374 0.16293457085638963 0.0
0.4822867106842471 0.25914944812291985 1.0
0.9382770316786064 0.9382984817364104 1.0
0.45930440817339024 0.4820334664960173 1.0
0.3689982014467662 0.41964686164466636 1.0
0.996609399683169 0.6556848994570397 1.0
0.037491306932523005 0.2500141824155523 1.0
0.8497109565533922 0.1867760947524758 0.0
0.4327294999205965 0.7179707890865002 0.0
0.36442649590740606 0.2227608733776124 1.0
0.5667415377427208 0.856872982719856 1.0
0.8653883072079034 0.7978452856297799 1.0
0.6855497479167232 0.5450414133159525 1.0
0.5713789952059718 0.21632274610236235 0.0
0.8943895337158844 0.6876467505329185 1.0
0.5657012899847836 0.6535513771967132 1.0
0.9288924504406448 0.012333699870368142 0.0
0.21649082769776962 0.8837141467334949 0.0
0.536109889681583 0.5352908125792017 1.0
0.07664779124886378 0.40511150846614163 1.0
0.41300083106455454 0.35906219837101117 1.0
0.06889027357715916 0.8026546513759345 0.0
0.6877615569127656 0.19033120692788053 0.0
0.45094662914109507 0.7661276675716878 0.0
0.8304513802563255 0.28038203777009163 0.0
0.35143569814184694 0.43511291073153013 1.0
0.8603403216862104 0.5328443557307501 1.0
0.1581006743237544 0.007224487238683297 1.0
0.9809434023161828 0.14365309149666994 0.0
0.2440694188895488 0.5287046295071621 0.0
0.5098713316432187 0.7664365949683082 1.0
0.2843206266798357 0.6586373493932739 0.0
0.9523296120454088 0.19861767824504295 0.0
0.6158149660420933 0.06783074983723159 0.0
0.7535396936488463 0.2007172587587307 0.0
0.3717242098535386 0.02587430846829153 1.0
0.5703999797379599 0.6301642441056573 1.0
0.21221609908537364 0.19467363767420387 1.0
0.6570387103887038 0.06663084926766139 0.0
0.803875288587989 0.9750044899432608 1.0
0.9202288291649494 0.6778905252222264 1.0
0.14956023676482966 0.3369837267987664 1.0
0.49166566916667076 0.30814055461933476 1.0
0.8721342819893849 0.9203837237510605 1.0
0.2522702410578094 0.18853477756030423 1.0
0.23532920226406062 0.17055668146084169 1.0
0.2466254703160179 0.10901185714478723 1.0
0.30396763540704275 0.25962131617216067 1.0
0.22763255298413643 0.6917934610832002 0.0
0.8563569359083215 0.4926706242770431 0.0
0.30048478202161355 0.4780241427274765 1.0
0.8746384343326727 0.839608077683389 1.0
0.04716483282170003 0.1590609907823789 1.0
0.022245168620751987 0.06699121896593196 1.0
0.19934060818804833 0.3808805700765726 1.0
0.4488302703292697 0.5273176747095404 0.0
0.24329257942651195 0.7964890579194336 0.0
0.9015690295583807 0.1999596849438774 0.0
0.5998511186449231 0.3289035234072506 0.0
0.047990021173190844 0.8097969644223838 0.0
0.9006793182310519 0.20390189776306367 0.0
0.4584718023728358 0.7891422746110771 0.0
0.8772664702129043 0.5942555933468405 1.0
0.44458653401220116 0.9421311931944206 0.0
0.3586355399544655 0.9716606105812514 0.0
0.5930881179225674 0.005122952662894642 0.0
0.07384796812009986 0.5231299901246687 0.0
0.47524533233221355 0.2221156305727644 1.0
0.18976254538111204 0.9424834458404778 0.0
0.5280194828985282 0.9522698037571335 1.0
0.04314518495504527 0.9007468851746382 0.0
0.3821504686786473 0.4845764007638419 1.0
0.612822821100255 0.7488890916984833 1.0
0.9376582995248567 0.6036494699447537 1.0
0.4716060717059085 0.8398275687622284 0.0
0.20026853837682113 0.2292695787943283 1.0
0.4903381845320548 0.8830237122875144 0.0
0.4594492298994386 0.06220807652744731 1.0
0.7606675193305159 0.2210008051522122 0.0
0.42554703984772657 0.9015980271806076 0.0
0.7251775196414986 0.6898230059535565 1.0
0.9690199953398332 0.8665362558829758 1.0
0.7119620739440541 0.45099155944183145 0.0
0.49438764106980937 0.8208454297122416 0.0
0.7057582175551527 0.7340354248727418 1.0
0.6495816644960838 0.18128386598881086 0.0
0.16284117062909742 0.9869535611916678 0.0
0.5307209909378569 0.11125850102909096 0.0
0.3432999155364307 0.585449211277188 0.0
0.7738169736634091 0.08039874973970917 0.0
0.5941011404349777 0.5847247949270681 1.0
0.5924602685111798 0.3788283792887319 0.0
0.9840274318332725 0.09052232572629026 0.0
0.8236095303473424 0.5381072666125415 1.0
0.004543276256502082 0.1126644213637007 1.0
0.8890820205258215 0.6036768650136776 1.0
0.8214254678700843 0.7874069432636202 1.0
0.3962901845209993 0.8774326897818581 0.0
0.9080764896066034 0.8878853040292737 1.0
0.5052561061604413 0.4538767575141279 0.0
0.5306668770307001 0.876387660281873 1.0
0.283949873772244 0.8913530782579848 0.0
0.3260707024386309 0.9069047651894243 0.0
0.2900915503572764 0.9348582532283012 0.0
0.7395551583173354 0.7167196153581623 1.0
0.2981515866759049 0.6370991406878862 0.0
0.3465361631104579 0.15699983468300993 1.0
0.5697084908858285 0.4561910129874355 0.0
0.37580032461019086 0.667079256417969 0.0
0.16745469494640797 0.820892477249289 0.0
0.5271289379707867 0.39368845073628955 0.0
0.13434502431688755 0.34708085031059643 1.0
0.7650319367712285 0.1087911063018433 0.0
0.8434910416771868 0.46848558176424404 0.0
0.4429522385804443 0.8797653113223317 0.0
0.369978055473859 0.9002733953981442 0.0
0.7665227526160658 0.6012621812493448 1.0
0.5279188201275253 0.582407212926866 1.0
0.27347308472510456 0.08304843635384018 1.0
0.6799597647972905 0.1610433695419894 0.0
0.36871607671287365 0.0351557916656533 1.0
0.5699122390180036 0.3040306322766959 0.0
0.13053771466754938 0.24844733893304272 1.0
0.0005609764869970446 0.814296898610351 0.0
0.7176268142211341 0.45032584749207316 0.0
0.06874038200040955 0.8910015290587783 0.0
0.429183467371666 0.7068828729014274 0.0
0.4713263582898113 0.19500490123810488 1.0
0.8617603437109796 0.5089456198607045 1.0
0.11239288655379942 0.17573575675944042 1.0
0.36369120357504625 0.5160192069486638 0.0
0.4987912751198349 0.765711532467026 0.0
0.5572065853067495 0.3088484413411383 0.0
0.07895384820367757 0.4548835461429258 1.0
0.7852050653103781 0.9368717599451855 1.0
0.13894691349270638 0.4683886375390245 1.0
0.8563448826764826 0.8764325500528988 1.0
0.6466031716744167 0.8273989488816222 1.0
0.5999443355616015 0.023409802135826108 0.0
0.8804988361214807 0.3160300586269784 0.0
0.44471204382966323 0.14982984365299556 1.0
0.6707884603464855 0.06686094295004485 0.0
0.31298317691373667 0.9835320745702286 0.0
0.8725667318583004 0.8022223998005906 1.0
0.02196038291137259 0.32002965198184796 1.0
0.010683081600565414 0.11793338404935738 1.0
0.4356409732734384 0.6636743016054553 0.0
0.9740308000164694 0.5803631650022785 1.0
0.708323333522657 0.2408046381674963 0.0
0.09754193051110016 0.6973432382614815 0.0
0.27199644519609134 0.6608272378758634 0.0
0.6425021045053029 0.7649399232134776 1.0
0.46917322896179814 0.10178090010232277 1.0
0.5309315752966373 0.17615087226715664 0.0
0.2886493331410771 0.5408428438437479 0.0
0.15061909947457464 0.905025740453344 0.0
0.9722582091165842 0.38617534310320156 0.0
0.6135153139328502 0.9929524366065032 1.0
0.019855005437765194 0.6012190887262715 0.0
0.26733662242697687 0.6720750399197938 0.0
0.46888179687446274 0.02500124944931914 1.0
0.2796721430372049 0.34431335178093947 1.0
0.6454486381591368 0.1567296962331024 0.0
0.7168819548887597 0.27822579457482843 0.0
0.2614703376557742 0.9383702974839444 0.0
0.8987878693639662 0.11929698285152435 0.0
0.38884366692014505 0.47025176410047 1.0
0.04079926555192692 0.1506373877935432 1.0
0.9876237176289198 0.09066283555706367 0.0
0.7969106918042561 0.36487267596684125 0.0
0.0548721525016882 0.7717432421754048 0.0
0.11235292425837728 0.27937731696310464 1.0
0.7484611443578542 0.3311013823297997 0.0
0.8195678168284314 0.9777793324499461 1.0
0.42422471607226486 0.9339893520329503 0.0
0.16663099007961246 0.02651044001193359 1.0
0.8545122001914389 0.8545021907790545 1.0
0.3512805902320323 0.17587067154684477 1.0
0.16060152214271406 0.2605271842807384 1.0
0.3813616008664471 0.9736709945230293 0.0
0.6869657148820157 0.0028632063866068647 0.0
0.834430097095147 0.00013093335637459624 0.0
0.7517460297978623 0.6781869107872303 1.0
0.6986147368395089 0.05485128596225508 0.0
0.3077457255088778 0.07687289777188111 1.0
0.7301575683698732 0.6897151457944806 1.0
0.39597910795672275 0.8272458675507285 0.0
0.7843682226386294 0.2932596871605251 0.0
0.5579457968859026 0.6397024872643453 1.0
0.3380021748904317 0.15350952002606877 1.0
0.9931782672492104 0.5210751813396661 1.0
0.801120851989622 0.4635540768888512 0.0
0.8566138831860342 0.20642344572636284 0.0
0.0010193183343771839 0.08790452686698003 1.0
0.018602708249268463 0.8457021005326893 0.0
0.31452268128513516 0.5053469417179437 0.0
0.13601086444177068 0.4559246502462383 1.0
0.48517051792596844 0.7075352060586582 0.0
0.02823104259781528 0.9833002147485319 0.0
0.7092814939680753 0.6881604818188592 1.0
0.12148081336850836 0.904972927340402 0.0
0.6756725843122883 0.38568104493688726 0.0
0.6153614100844793 0.08956038906024599 0.0
0.4658288073903022 0.757686501669303 0.0
0.4789767890196628 0.7056530418304009 0.0
0.2724030059767899 0.6990831679313317 0.0
0.6636673062004907 0.5958375617425955 1.0
0.6056732750651934 0.6461226716954981 1.0
0.7342981941587136 0.40488389417243575 0.0
0.4435197699013357 0.007581275538428356 1.0
0.03865326518930323 0.6487425179172712 0.0
0.8688636965735014 0.7964339434472899 1.0
0.8122553890945358 0.1492146646352558 0.0
0.04104382832941056 0.47761541886772574 1.0
0.7745022034543154 0.33462522984577303 0.0
0.5827614435318594 0.16951264870319904 0.0
0.5246014524362048 0.09867085983976998 0.0
0.6987800381777539 0.7514297237961232 1.0
0.9169335968131372 0.3557354805408113 0.0
0.8116374585216863 0.09307201995182135 0.0
0.3984494704972986 0.787452971025143 0.0
0.4907377919479785 0.4136648970612491 1.0
0.9433855023582332 0.4027298495890189 0.0
0.5033622167994208 0.9800640268123897 1.0
0.00519800796267833 0.14173203614784946 1.0
0.9199457030108124 0.5267200398087865 1.0
0.09832444210947422 0.732748117242196 0.0
0.3070149612612506 0.7375639977053093 0.0
0.6735012321113639 0.30902120698064284 0.0
0.8175572852814996 0.16740502314423122 0.0
0.7422135682204952 0.7509815397396273 1.0
0.5174893291081766 0.3644435889282387 0.0
0.7954626495178333 0.7762084146656154 1.0
0.7862091425420422 0.9594916680057205 1.0
0.4971047464514968 0.2905559331261186 1.0
0.5613222446922554 0.02958700580287288 0.0
0.37518057897215584 0.14876849883104715 1.0
0.4030878787321396 0.17848060073662475 1.0
0.28626767379978346 0.4659635063784444 1.0
0.43440953266621374 0.490464443515222 1.0
0.9144281124688399 0.625780434117206 1.0
0.19137276923354352 0.59005435339465 0.0
0.031079523676172394 0.7257434374891528 0.0
0.11940599764233961 0.8430844564125224 0.0
0.9438009545312895 0.07011741405919014 0.0
0.9091668132896702 0.42804602273916514 0.0
0.4009373108515889 0.15783056589406774 1.0
0.04322173034978716 0.7816106757775321 0.0
0.35963358052131245 0.5207195276353019 0.0
0.6990596484234318 0.5084087255422729 1.0
0.17882792396678782 0.16169124856320527 1.0
0.1734921742977441 0.9839309227924272 0.0
0.7425704503942249 0.8356583980156918 1.0
0.45904963360598017 0.6625101468110065 0.0
0.37168528724941785 0.7330047562885426 0.0
0.38716558154067504 0.46335573360867266 1.0
0.5081515656493459 0.6310352083237983 1.0
0.725797692285817 0.12766474282012008 0.0
0.1588171277520647 0.8693700680602933 0.0
0.7483713274553246 0.9504261522448249 1.0
0.6968999389033937 0.7138088483091214 1.0
0.8073636119922342 0.7033728769354152 1.0
0.08971069385498165 0.1719277577131919 1.0
0.3761205670003298 0.22336460861059193 1.0
0.5723064405564662 0.8501040733470553 1.0
0.5843599188497046 0.8274791093232733 1.0
0.1189295227193129 0.4010539034832217 1.0
0.7364441821722549 0.06546970701447252 0.0
0.5680547826931462 0.6585717185653546 1.0
0.8220163594146636 0.4388849685878926 0.0
0.973366696908668 0.8842880594050623 1.0
0.3974406139819553 0.029059372858736943 1.0
0.8069872556102448 0.5294472043896502 1.0
0.04439434633186601 0.6073290958311951 0.0
0.6601787395266101 0.33578905749651566 0.0
0.22038757193913228 0.46543396259630765 1.0
0.44214883564314955 0.8669031698254386 0.0
0.13129511364126312 0.06651375103935797 1.0
0.9330334664321488 0.35766872661070337 0.0
0.3086912583265803 0.3901359816040013 1.0
0.3188762281107854 0.26250696135637996 1.0
0.8495484007142227 0.9932714476819333 1.0
0.6993612587241723 0.5916635308149203 1.0
0.4946036273404736 0.7402925385900181 0.0
0.5183226342502357 0.7032057579461392 1.0
0.1684335239982302 0.7883381176040396 0.0
0.18286413985841332 0.07740356804887616 1.0
0.8770483778118698 0.5343818286648819 1.0
0.7533396186287677 0.8994888667275652 1.0
0.410239902679736 0.1253629306077615 1.0
0.10564909223004182 0.8457479571966459 0.0
0.3539728528661181 0.5364399591818317 0.0
0.9507831465774295 0.5042217575082222 1.0
0.25497089600412093 0.31123855473036266 1.0
0.7858758120207993 0.25041898267713303 0.0
0.7223914681453631 0.7094155034344224 1.0
0.28252758760914554 0.8012266496560506 0.0
0.22409285225587505 0.4755485590917997 1.0
0.24712049117982204 0.7040565147323834 0.0
0.38347871742363904 0.25204250150878926 1.0
0.1958151353496692 0.18281616434541637 1.0
0.21199401805417983 0.1269095896269934 1.0
0.22478886620515082 0.7971974455982427 0.0
0.1674697515663327 0.6610382248157274 0.0
0.3324298552637779 0.09334299039097937 1.0
0.7583736789160862 0.9566952769252937 1.0
0.9788336919191631 0.9646322069461025 1.0
0.31724963320959576 0.28473618847418536 1.0
0.36241408985632617 0.03811232433509315 1.0
0.7447783121830629 0.9319336271308819 1.0
0.5901342712496271 0.885178433462863 1.0
0.4380719745341023 0.9159513389659724 0.0
0.6124492844984563 0.8447252782072403 1.0
0.3653273636286942 0.06630194700058734 1.0
0.3755154407202369 0.7381339920165425 0.0
0.05427943125899359 0.5399205203167957 0.0
0.9724710010500984 0.6390739750135292 1.0
0.4816743529577243 0.018287140610894093 1.0
0.005468706972959314 0.3942075329219933 1.0
0.4898132094789509 0.4450695990431477 1.0
0.7046413443575311 0.6783135909379675 1.0
0.871584407543824 0.4892769283387831 0.0
0.5554580544458253 0.9652797810894375 1.0
0.5585391513695194 0.27773254426352456 0.0
0.35873025747232823 0.5763952562066015 0.0
0.8549382125771902 0.5763878527096474 1.0
0.25605078889860133 0.5404286110535692 0.0
0.11140729716429931 0.882789671620373 0.0
0.22553709101427755 0.4258674203892977 1.0
0.9379240009616552 0.6441464813999981 1.0
0.879115497480341 0.17499045095385368 0.0
0.920294578725001 0.05207839611096354 0.0
0.7136066258603512 0.11807511281226846 0.0
0.995423875911973 0.42597360412046115 0.0
0.5796373643947795 0.28402905478463303 0.0
0.030418749391283084 0.9445992067955534 0.0
0.49441084889955833 0.3631329867646689 1.0
0.39646307745295895 0.3648785202611319 1.0
0.02726326980183602 0.8711467189241082 0.0
0.6094341009893425 0.7634622838098578 1.0
0.1250583600150249 0.24859783363209376 1.0
0.5992299837644602 0.48686056007184586 0.0
0.37479973965060565 0.1786183525205941 1.0
0.5513805236629545 0.03183432413384091 0.0
0.2261005024591044 0.874678680687698 0.0
0.8390301274897338 0.6331651675074349 1.0
0.9662486044233504 0.8553799172231641 1.0
0.8426349467912343 0.6141803291313147 1.0
0.12542346525401948 0.6659396832142909 0.0
0.4815642946453951 0.30540427330992537 1.0
0.08821932004483712 0.5782081590947188 0.0
0.16747833346794827 0.014409133797636087 1.0
0.008840559722876673 0.3188307217305685 1.0
0.40900432412615073 0.6375759254606714 0.0
0.7063054493237533 0.9598142620970094 1.0
0.6717209277884735 0.966197557492437 1.0
0.9681317119045261 0.9358949461030209 1.0
0.5070174735430963 0.04448853777959294 0.0
0.19044141868855935 0.31576838967885956 1.0
0.2706273878375003 0.07325998229998931 1.0
0.4461239737769531 0.17842681235455204 1.0
0.07266037390432445 0.029241091714892753 1.0
0.013826709833057782 0.8356143089205418 0.0
0.3042661957372651 0.3834376083058617 1.0
0.2092493151351491 0.6952707363869 0.0
0.886032650902182 0.5237169170811291 1.0
0.6901940869835097 0.7340737973415824 1.0
0.5561677179479807 0.8393701329300173 1.0
0.8540135899388052 0.08748585419118182 0.0
0.8175677461560653 0.7420260924151053 1.0
0.4446528343058568 0.42367869517287315 1.0
0.7403453463763718 0.0724277551382988 0.0
0.13117636240961816 0.7380596191502904 0.0
0.9249936794092005 0.23484315936167055 0.0
0.12753811272107307 0.33345915099552526 1.0
0.9167619444487918 0.3571760138538146 0.0
0.9776306457978136 0.9366610202343137 1.0
0.7644574454208406 0.09262470446310078 0.0
0.4216466517027705 0.5663616387452759 0.0
0.6567140348633134 0.4179146624877549 0.0
0.9311605507776657 0.5960908648035826 1.0
0.46387495990825733 0.3245283111227286 1.0
0.21401371318951512 0.17605824745647225 1.0
0.0775918695896739 0.7678731846548896 0.0
0.23738846733703767 0.9512417544473973 0.0
0.6133314938602863 0.21611240092489814 0.0
0.39831382862373876 0.653048151554252 0.0
0.9809615101431549 0.2610181168893061 0.0
0.006464480693260888 0.6991001907970832 0.0
0.3549663099577699 0.011708930006565699 1.0
0.30293770495149597 0.9243831514659403 0.0
0.6967276371632718 0.8820308033228215 1.0
0.6910461880640734 0.1604375515853047 0.0
0.259465357322756 0.4508065721549557 1.0
0.9669705637215064 0.1420950464998718 0.0
0.31663295068316855 0.3250768696514922 1.0
0.32482211197485344 0.5156029191210637 0.0
0.26654511625535016 0.47375602743429945 1.0
0.13345441062046182 0.3389860162734336 1.0
0.6825476142215575 0.45545199743131604 0.0
0.24171844696352462 0.28854884968445793 1.0
0.2835189765425006 0.11359154017454742 1.0
0.06187336555970224 0.21438388846455725 1.0
0.891508434387638 0.9009140981979235 1.0
0.859367394052446 0.7110676783150622 1.0
0.9181859699571224 0.3502811168734348 0.0
0.7131053367789081 0.33573880049330684 0.0
0.05109303733959847 0.6138667378104923 0.0
0.1269066284892888 0.3503551105149687 1.0
0.006489848543528409 0.073412102207424 1.0
0.32080762891767356 0.9322385918028894 0.0
0.7309993219780633 0.685370079078184 1.0
0.9178459723784567 0.5860501047482042 1.0
0.4931258433952461 0.5610955754714005 0.0
0.06669286716858691 0.5083771517297302 0.0
0.7307050219397785 0.2021077356491019 0.0
0.3873627559284619 0.7995202240216486 0.0
0.3661383967467252 0.19572338249886212 1.0
0.1911370677222629 0.6222458687163531 0.0
0.21054172470900623 0.8860670625280082 0.0
0.1586148562373867 0.8453152101232395 0.0
0.3830183527365293 0.35609586278830063 1.0
0.8299633665074316 0.08318940766698091 0.0
0.11467499081649002 0.8542531698219087 0.0
0.04983736447046716 0.2538623043141509 1.0
0.11975287263878254 0.28634432200045734 1.0
0.22589720707416272 0.3847217186334049 1.0
0.9719539565464348 0.0930380049844598 0.0
0.06743732055427765 0.03981263458130824 1.0
0.5949546404593519 0.5430884366354296 1.0
0.49547935816746913 0.4016483204439958 1.0
0.29318928406300293 0.8425895561138015 0.0
0.6266161975027394 0.5461628099975178 1.0
0.17821066971972166 0.7663003751842453 0.0
0.8599986396187869 0.008142724544237145 0.0
0.14508334930744848 0.26128980717985073 1.0
0.8228450505868058 0.413054097165539 0.0
0.512096401315728 0.11055547515012143 0.0
0.7015597115517618 0.9471352708498753 1.0
0.7483858557484054 0.7997186985649593 1.0
0.4080557526003721 0.8062764583206151 0.0
0.5435322926346517 0.6957493749453835 1.0
0.1449204683431371 0.6381752274973116 0.0
0.6228871084010781 0.45158245859878055 0.0
0.24823513132157016 0.9557001905297662 0.0
0.07766440689075738 0.49755247407056713 1.0
0.07367030713601874 0.6530698593869156 0.0
0.2585745031202539 0.4712789468370353 1.0
0.8102474269024179 0.6038852771566091 1.0
0.7660368766092809 0.864992195682333 1.0
0.22029683900652242 0.6530096893887753 0.0
0.25126912763390696 0.8299694874509915 0.0
0.23182638242538056 0.7522332359097338 0.0
0.5883516219171236 0.5825181448196576 1.0
0.9197116775605132 0.39165386727890295 0.0
0.913082229183469 0.5259144907508271 1.0
0.8862258000839938 0.33636729554709965 0.0
0.9355682204167977 0.8492207063076397 1.0
0.8779185349087434 0.45155773351553663 0.0
0.7712393970987889 0.19606943372383334 0.0
0.8237691301313468 0.4098609711889357 0.0
0.7294301020943088 0.09955188593054298 0.0
0.5472437926747655 0.950995999429942 1.0
0.664940590434041 0.6802730104593293 1.0
0.47314894607526303 0.15772158408066672 1.0
0.473640115044216 0.5866112135154391 0.0
0.05537302447603487 0.4678906576204327 1.0
0.3109701633840253 0.8435682097385743 0.0
0.4826661724880781 0.2720710724849278 1.0
0.9150271015225927 0.8910637015831733 1.0
0.02552178061016319 0.26227722174047896 1.0
0.5714060859018192 0.7589891533603843 1.0
0.9762659195965463 0.8068872072180903 1.0
0.622122949940496 0.7856081378443597 1.0
0.3346885261780701 0.7717570718138004 0.0
0.09855063905617589 0.8382069954153704 0.0
0.14614742735052855 0.7302365559698738 0.0
0.17609852133911386 0.7510898677513739 0.0
0.46298595177861235 0.5783426458030642 0.0
0.098990750424654 0.504349952702265 0.0
0.5346784036260488 0.11566043372839196 0.0
0.35329630922108424 0.44419910630992665 1.0
0.29397145137576397 0.577022886002823 0.0
0.2881882089169413 0.2640564153937601 1.0
0.4527936281512843 0.3130314030557708 1.0
0.8021917820169411 0.554864225913843 1.0
0.5785869510206869 0.6409503196516715 1.0
0.03998506687258885 0.8908752763611096 0.0
0.3138776751572834 0.24208849812888444 1.0
0.6518099522442751 0.5482302763766678 1.0
0.19490141687110474 0.6234686715564357 0.0
0.3162758088681016 0.8949726563624579 0.0
0.7464205524654642 0.5656498705704054 1.0
0.49232364263765616 0.39383475606050533 1.0
0.9963671066305329 0.12568836033935826 0.0
0.8235953303079745 0.896934022934073 1.0
0.5632311320942492 0.05505332085824788 0.0
0.49114225404218237 0.02591985030873256 1.0
0.9484235769980166 0.2461882079214518 0.0
0.08672617695563267 0.029363654065920564 1.0
0.1607096652740072 0.8709738976116717 0.0
0.6669997292119962 0.717079024228295 1.0
0.11590959883140639 0.38787021346735673 1.0
0.05532985078901087 0.159171263475401 1.0
0.8373943595579801 0.5454913218346075 1.0
0.11755747154504914 0.95037308614639 0.0
0.8944541237927807 0.2747379009588192 0.0
0.1171082716992995 0.6902461838954398 0.0
0.0640190702958181 0.9145248267412627 0.0
0.6478248213628496 0.5942742569516882 1.0
0.9440505129751408 0.8883707384246725 1.0
0.023855213072415338 0.3773206172020752 1.0
0.4303704930531892 0.5311968479687066 0.0
0.058833391651711975 0.24555467456170343 1.0
0.586114164828897 0.26466086419676516 0.0
0.4564846553676766 0.3933143392566678 1.0
0.38852282320706955 0.34619177954670755 1.0
0.5459341413654988 0.33166160026772595 0.0
0.8879517986264496 0.6299453963716992 1.0
0.35280915460713447 0.26306769188412105 1.0
0.7620724672321948 0.8325205279557173 1.0
0.24932282450794685 0.5911323392393878 0.0
0.6970080403605627 0.9795554427202566 1.0
0.2996495221170633 0.4513688777008319 1.0
0.1667674396718818 0.35984754032681765 1.0
0.4783857303918353 0.2643828693060676 1.0
0.7290602033659672 0.8872017891447468 1.0
0.4607084965963526 0.31516799137418317 1.0
0.19471652673866513 0.6450088423893873 0.0
0.7158830305948338 0.42749312885040636 0.0
0.24445874340064966 0.9386399781470707 0.0
0.07208554058473216 0.803367204273497 0.0
0.8599324131466412 0.24564010663360103 0.0
0.9722733081629217 0.1763402872818739 0.0
0.6609002036455667 0.13657842795871156 0.0
0.5169613435635657 0.7262691329078604 1.0
0.13160559897291668 0.29321732894757035 1.0
0.9689064869232868 0.4195446353867318 0.0
0.3309207894192283 0.6025918599606435 0.0
0.897455462076413 0.2555594385258799 0.0
0.41251246465776004 0.6519473976153566 0.0
0.7114858577279505 0.9395193992817786 1.0
0.6922476116739837 0.24002655443559506 0.0
0.3138829248453109 0.29321405120845156 1.0
0.6698925302945142 0.48545689247987167 0.0
0.4953010988701926 0.08226227975169398 1.0
0.3155733486272725 0.07379479363246444 1.0
0.3879630971401309 0.9692614224854424 0.0
0.08869558158701507 0.27808026284000575 1.0
0.60229546272766 0.3632453971197547 0.0
0.969082327357188 0.6513618152600624 1.0
0.519304845254826 0.23536177675468828 0.0
0.39483741609103395 0.6871769486896867 0.0
0.0681427219937969 0.4714165115472224 1.0
0.13836466203291853 0.7790515673438243 0.0
0.7539566081976548 0.6955668412400355 1.0
0.7578764209225434 0.11122447903270871 0.0
0.9901051477851789 0.47375989409798613 0.0
0.23180218053057844 0.9719651042524036 0.0
0.2905632737724495 0.4041667933000105 1.0
0.7472849730803757 0.3567855563409589 0.0
0.20718359588001212 0.3545078724004236 1.0
0.42731505487269705 0.7008572856788079 0.0
0.5148232243063195 0.6764516819863907 1.0
0.7746130124931322 0.0680508897890264 0.0
0.9294202416303774 0.5571941538650038 1.0
0.7843953557830324 0.8812745315706383 1.0
0.5987402093999188 0.8477334152152075 1.0
0.15378309172399585 0.4683540669627896 1.0
0.5267515196179838 0.8980103911276911 1.0
0.17401131069744213 0.819908417390937 0.0
0.8749962498431433 0.5927310735983886 1.0
0.6928917732487578 0.7675232001667857 1.0
0.805386985697945 0.022791162880122284 0.0
0.9812440631932051 0.4371078785982384 0.0
0.6162269483363316 0.6649440269104389 1.0
0.9934886110823393 0.8881591722511067 1.0
0.5327492343198118 0.4451157212524559 0.0
0.5085787798572399 0.3809462590405732 0.0
0.005861022770852875 0.10012754703961513 1.0
0.2344135277928191 0.2654601007024222 1.0
0.10666881619932223 0.26044250876160124 1.0
0.559269198101482 0.8748592994188409 1.0
0.04565118797562273 0.8627413853952101 0.0
0.2036072589893675 0.8988655192194165 0.0
0.9506709920454576 0.9578012564462435 1.0
0.5781725643547134 0.7581657377393856 1.0
0.3512548655482485 0.008953532257640173 1.0
0.14748004121404978 0.8475080903265964 0.0
0.6754043164373755 0.3008534689579885 0.0
0.09260205495969753 0.9873982586609845 0.0
0.16869308366411728 0.030888588144530438 1.0
0.6238397304837293 0.01158728752881999 0.0
0.8046868644794096 0.060663830421291975 0.0
0.7243073264823526 0.20061726981337835 0.0
0.8266602637331418 0.3282527203637001 0.0
0.5179751502957024 0.3295843167921181 0.0
0.587975231428491 0.4637660936653506 0.0
0.04828421025279861 0.1479597821786044 1.0
0.08712509131571722 0.6311253214052824 0.0
0.8377397618137807 0.7845686320585243 1.0
0.43603163496060804 0.7070659605089841 0.0
0.8967818572350041 0.1639109889629613 0.0
0.5377582166288758 0.8536853920855239 1.0
0.26352618268967987 0.9185681351879987 0.0
0.7119800454844317 0.3617355579578371 0.0
0.7162009088121727 0.89962254720304 1.0
0.47935481524710966 0.8139722459382119 0.0
0.05559081498288776 0.4059304031989558 1.0
0.7600507777255437 0.183621516496133 0.0
0.551707811599479 0.311683549365516 0.0
0.8894234655148596 0.41788665412853165 0.0
0.7061943482153509 0.32392727201132177 0.0
0.5225316116348179 0.8960838238588934 1.0
0.3388070340662592 0.20530543053429373 1.0
0.03589369892089023 0.4704548672013832 1.0
0.32963008449225173 0.7503381715991415 0.0
0.7018529703435453 0.45036219409266254 0.0
0.3295302791001202 0.9471049945067881 0.0
0.19932551938317378 0.9055860450376988 0.0
0.9219368938666538 0.7303573076987396 1.0
0.3460879823929063 0.8108378427010912 0.0
0.9989799912177172 0.5912389503755384 1.0
0.5693593949249383 0.6475615476114702 1.0
0.48807272666601353 0.25524819687068345 1.0
0.07602688486629205 0.341588810793232 1.0
0.4210613282512089 0.23955488423232962 1.0
0.1445076084004695 0.27767111114215404 1.0
0.20692481525356088 0.0872225969779673 1.0
0.40586027550005255 0.5443086507096838 0.0
0.42205741383553264 0.95159831877973 0.0
0.607994974473294 0.23163624089986756 0.0
0.48069812877037144 0.7981950416956688 0.0
0.2095469321360487 0.6918916252612239 0.0
0.9119348671519673 0.24579299952361866 0.0
0.404901802496456 0.5783314546907553 0.0
0.4748725128875121 0.29451877926627057 1.0
0.08233792569211684 0.5768027424498432 0.0
0.4904608124619968 0.1434419247435068 1.0
0.26213296101296946 0.9211458490626072 0.0
0.36295741538566106 0.5929558743626142 0.0
0.26743367588700395 0.09290407136813295 1.0
0.20049295628554342 0.6668467876420341 0.0
0.06818724554443856 0.9795901516920794 0.0
0.40752188168390613 0.6897276754181992 0.0
0.11883988978197946 0.42918044097582153 1.0
0.005310490159218029 0.11694003412239984 1.0
0.268625627490676 0.2832483146618482 1.0
0.1958404696187308 0.930486545559195 0.0
0.6467701703923497 0.41138425005515444 0.0
0.9243908710052137 0.30445000595101523 0.0
0.28218684193670773 0.5880047322233081 0.0
0.922698644273178 0.14056442211566833 0.0
0.8961865700089915 0.983641979659902 1.0
0.3564339150726965 0.7313644070619851 0.0
0.1705503716320803 0.6099305354443773 0.0
0.6564046279911758 0.8289072391592769 1.0
0.4691902603113809 0.1004745915035612 1.0
0.41998516529522156 0.6191917163582529 0.0
0.12095971786841364 0.8106475905171064 0.0
0.5357012841833159 0.418010336286992 0.0
0.24404604940520402 0.03636357267259416 1.0
0.3920983548910001 0.570796599300806 0.0
0.3353748167330368 0.4797311472539859 1.0
0.3135524538083685 0.606564591288234 0.0
0.21965313503382833 0.5377919789743576 0.0
0.3249055277502009 0.4839764680543107 1.0
0.4951169995127721 0.5354167700084739 0.0
0.8151295782278252 0.540422368832329 1.0
0.707557950233689 0.7679656233460828 1.0
0.9828331522062468 0.26017891666971815 0.0
0.15047531710685047 0.006160534963554842 1.0
0.49603759386817337 0.1212686363636708 1.0
0.09672822356669353 0.33435510348884856 1.0
0.46526663178122085 0.8757954841056528 0.0
0.10013415236865175 0.46035775336445295 1.0
0.5586105763974561 0.23467015851737028 0.0
0.8384221511214752 0.9666590470737817 1.0
0.01096468973307374 0.7577845255978529 0.0
0.6198518631663956 0.7325591349107986 1.0
0.5595579542865344 0.8085597171360558 1.0
0.6694184223708792 0.531541651950717 1.0
0.37240903504399236 0.361240513991512 1.0
0.6881611097888299 0.8476250011576721 1.0
0.07718729664152746 0.6561357664706765 0.0
0.9426137375700577 0.568838714859809 1.0
0.4007686517045387 0.08844598457371156 1.0
0.9905686199952929 0.4640090656361425 0.0
0.885266803316879 0.03696499490539129 0.0
0.6343131353120154 0.15565020600714208 0.0
0.8038443238536738 0.5767395827890387 1.0
0.050675556695820356 0.5870281598265195 0.0
0.7126964596576648 0.4366217053081679 0.0
0.08198301704284816 0.5431613804868078 0.0
0.4307724448204622 0.1697037884439878 1.0
0.9094321351404053 0.869768029279529 1.0
0.16912637895472515 0.7147248709534982 0.0
0.6139753164350701 0.6732223031002625 1.0
0.40170898170500946 0.2783035932204757 1.0
0.0585174964241677 0.20248313789374695 1.0
0.46214723212204056 0.12447533224005802 1.0
0.1801369027628894 0.5349495851220841 0.0
0.06638249420426079 0.6553836470659016 0.0
0.3993056223438024 0.2654135344745614 1.0
0.5305609045820574 0.7468399474058666 1.0
0.6472604724567659 0.6516878260329905 1.0
0.9082452493479405 0.4747622912625984 0.0
0.1677588325780991 0.37732697643529145 1.0
0.4447185836347314 0.034426107432053654 1.0
0.9198601928210757 0.0923936069963962 0.0
0.23599097485104925 0.34780321649096835 1.0
0.8674678386837195 0.4682872891584955 0.0
0.7529529213972118 0.010122365082415707 0.0
0.27286866290321055 0.5377578046110266 0.0
0.9945034898496312 0.04440119771996076 0.0
0.40991279863937946 0.5346136171340318 0.0
0.17351432839639291 0.6864287761924777 0.0
0.22251704660563065 0.17373477169617557 1.0
0.30397487906611476 0.36791541034141406 1.0
0.17897671952120375 0.8980791606719871 0.0
0.36505000716297253 0.17860862980513492 1.0
0.062231814057919776 0.2562496933978615 1.0
0.16571067527938554 0.4330560790326884 1.0
0.8286714299486763 0.38511828148306815 0.0
0.8263545590443198 0.4165123454467152 0.0
0.5506162154933125 0.7463785342799565 1.0
0.9073187106367144 0.9268291046631135 1.0
0.6876325392641731 0.6725470534898398 1.0
0.921615616559888 0.6145953889414769 1.0
0.07654881639586009 0.19076392064470515 1.0
0.3193172509457519 0.09393317860762007 1.0
0.9705378680168767 0.9247196315803149 1.0
0.9952634722175149 0.30707206907386986 0.0
0.07414090664686446 0.22637350672768464 1.0
0.12164080435415503 0.10948970593271778 1.0
0.6756545344624451 0.32199172715050306 0.0
0.35759714932695785 0.16014110010285332 1.0
0.06385008337436082 0.8107581985842701 0.0
0.4646684920735389 0.6020386086269824 0.0
0.25467970934169315 0.801762804540494 0.0
0.38811926715757494 0.3734744973074 1.0
0.5675787021406755 0.9477815010904723 1.0
0.5728528703616854 0.1169920147209087 0.0
0.6827818886984338 0.44077939206479255 0.0
0.6882733855195109 0.5221645792606707 1.0
0.24150924533990636 0.15827130275587364 1.0
0.42480249764316924 0.622129460731954 0.0
0.7505018774225976 0.7379520210133534 1.0
0.2636749315019412 0.7250308551074376 0.0
