0.08914155138275859 0.06416697959709594 0.0
0.20876431077489688 0.4840012926105789 1.0
0.24550795103462475 0.18917758801175322 0.0
0.18031541281661267 0.45629718893264926 1.0
0.41606703661191347 0.8933544136712896 0.0
0.6099634071535843 0.4185791365665259 1.0
0.9898373309967085 0.08741598051312749 1.0
0.2567127867697365 0.040660015932068805 0.0
0.857078745397874 0.7819973692165485 1.0
0.5155188110900004 0.02541853896354973 0.0
0.7847438246172265 0.043021635697897964 0.0
0.34809938228804016 0.8376185058937069 0.0
0.5940368246112899 0.8367593513212443 0.0
0.9943539390195505 0.6817714944444698 1.0
0.7427540698265712 0.9390478662441548 0.0
0.6983654979045171 0.8119620105062166 0.0
0.05248490745500456 0.05700084680091477 1.0
0.1113938149878877 0.9358417144661866 0.0
0.584435460196541 0.9766501981088125 0.0
0.3877163437991721 0.21407501907697224 0.0
0.4736629096909286 0.008785213945595616 0.0
0.24447809101061468 0.9722094022685375 0.0
0.1414838168914092 0.13548675386447362 0.0
0.8356451996761765 0.907367418795281 0.0
0.6221992261374948 0.2992768353890567 0.0
0.7153026318098392 0.0009944534577325248 0.0
0.2875896904651156 0.818986091152601 0.0
0.8362264728260855 0.8383468391718115 0.0
0.9758320979032384 0.9999763055796868 0.0
0.8194523791852901 0.05032166424877427 0.0
0.5568034351832478 0.16604942049232108 0.0
0.02086769482576456 0.817395852041511 1.0
0.3263528859922584 0.6610600773336377 1.0
0.25298952715724676 0.32406714909347845 1.0
0.35930516370170973 0.13941126781282942 0.0
0.0003869674161900427 0.291738774134928 1.0
0.2750574416176689 0.12485057889946094 0.0
0.014342698272928112 0.4886062516738655 1.0
0.9261899560685796 0.5126174791191171 1.0
0.33604128220814766 0.3689870220027698 1.0
0.8598291562657031 0.0291655400854689 0.0
0.14151201977943573 0.5111784281326007 1.0
0.8232747858592305 0.8139668309274847 1.0
0.11895095373557962 0.7884088342908715 1.0
0.365017774712856 0.2979741062750345 0.0
0.2716297887092012 0.26401765903865526 0.0
0.21404989056089951 0.6777456067510798 1.0
0.9497012403339512 0.94145080411122 1.0
0.13373312321814634 0.1350128236937549 1.0
0.8574603281737181 0.5784984644251919 1.0
0.2768924312947806 0.8748539132824282 0.0
0.16007465432323476 0.8573689732504739 0.0
0.40450498836870385 0.4835742395867769 1.0
0.37321619382550675 0.21408229910372656 0.0
0.9010844837570394 0.25078111901291855 1.0
0.910254189487668 0.2541927635828023 1.0
0.4510773662210308 0.4608566541566418 1.0
0.8249226741369736 0.7681248973380382 1.0
0.5811243116846758 0.04102344039041139 0.0
0.7955696410623564 0.9037599422109845 0.0
0.7138005861006776 0.8334361358562385 0.0
0.6809341953426657 0.3050801799834012 0.0
0.917177043962781 0.03289619331817528 0.0
0.9695218662677235 0.4012621955698428 1.0
0.13580255706019007 0.012987097202114217 0.0
0.5808622783887238 0.7573006453093456 0.0
0.20635433518180157 0.5550992934476892 1.0
0.21634506393866104 0.08122419891881805 0.0
0.8219491363876007 0.1938945911502744 1.0
0.8876866433370818 0.7720757643575185 1.0
0.010908993315365212 0.3820666595832338 1.0
0.025426853279553407 0.41607589774975207 1.0
0.4416895159860281 0.25110409466549777 0.0
0.4138582090675349 0.886641722634659 0.0
0.6790447432788376 0.7333727722777867 0.0
0.6346120881432558 0.23696062407255225 0.0
0.763740788906111 0.019960051035121773 0.0
0.9421526478853368 0.46295583967432885 1.0
0.8134379887454466 0.4312666751723674 1.0
0.11823916775049848 0.37134995287141614 1.0
0.3787686888181716 0.1683396370634861 0.0
0.9736171821196307 0.11649065534397873 1.0
0.25275709175031447 0.5662272158371623 1.0
0.5987398568023904 0.6422452008049467 0.0
0.6026452694648207 0.8994391356030778 0.0
0.6594694529763402 0.7857692991214338 0.0
0.5870659395778539 0.7524712277880263 0.0
0.22112084639461105 0.5528321241993156 1.0
0.4641473608552492 0.9267529930085613 0.0
0.028138177723006197 0.8445493445519774 1.0
0.6159337043564751 0.15654710370151736 0.0
0.9431247470893621 0.6477107069451987 1.0
0.8454558784591945 0.6076760060997852 1.0
0.3981122037438394 0.5042568697059855 1.0
0.7903588974180223 0.29041914349348896 1.0
0.22410126998449797 0.5734507286443858 1.0
0.9098899067472788 0.015729931238390393 0.0
0.6018739947624918 0.946508061104725 0.0
0.7864540044524375 0.5847934930658323 1.0
0.8581133028138994 0.8955909210114678 0.0
0.34211825147445574 0.4930144586119203 1.0
0.1230480339285015 0.7626623964059024 1.0
0.253056325186375 0.7963645158039053 0.0
0.45111341568094065 0.16261266218995485 0.0
0.6971060873718099 0.4571756390493268 1.0
0.7323971582344652 0.12738556881519003 0.0
0.7517146329542891 0.04997463524676993 0.0
0.5597904368526669 0.36154955393897914 0.0
0.7147808692966278 0.3439937012438914 1.0
0.020498396227651705 0.30295021319121374 1.0
0.42644566421418006 0.663268011618811 0.0
0.1357370009450839 0.8274309250642613 1.0
0.7259212031713922 0.35423241609992406 1.0
0.5926017842340735 0.041879039173115196 0.0
0.22160717030605348 0.41398742459558213 1.0
0.011125961018297215 0.8121529548509766 1.0
0.9394973390996796 0.08493143163715833 1.0
0.28039671813588474 0.29496482091069576 1.0
0.7535786416694942 0.8799954225315434 0.0
0.5870292596403098 0.7729953993050902 0.0
0.6707891286018024 0.21303051641856208 0.0
0.8174085180691514 0.6759613316399542 1.0
0.6031922529141326 0.39638739695801606 0.0
0.8451196022554354 0.08897964009393666 0.0
0.3896459260993369 0.6483408995984414 0.0
0.6710131457092166 0.4647407354012252 1.0
0.6234842409683203 0.9270428240256895 0.0
0.2186155933004691 0.25637816238243893 1.0
0.9642497187399158 0.020292942077251408 0.0
0.39946446320051543 0.11852577788814 0.0
0.365051121301631 0.9984343783246616 0.0
0.8913418257724602 0.861359964033979 1.0
0.10754979962331956 0.8388790636418462 1.0
0.06596576316773672 0.1637504084701118 1.0
0.5437765088395619 0.3530338013407298 0.0
0.7645516526204517 0.31655760147753487 1.0
0.12456292496493748 0.5826897662608228 1.0
0.7331643517313912 0.8274097106870381 0.0
0.6645454489718233 0.14112013932481204 0.0
0.17862015670825682 0.37140269839919615 1.0
0.559779966549579 0.2651643392321308 0.0
0.6991924403142699 0.40569522357599463 1.0
0.6435199942443426 0.4542768783447563 1.0
0.2580901730094626 0.45235449588472465 1.0
0.3279156813396713 0.12001244725588545 0.0
0.8817256260382416 0.7926206710710135 1.0
0.34521377974256284 0.07237880189177492 0.0
0.8149183284127014 0.11023900395861574 0.0
0.6515689711118239 0.8571541257964412 0.0
0.613475033705819 0.47476879825199103 1.0
0.45354913756496007 0.5284878890204115 1.0
0.47002746545819407 0.3771260798016083 0.0
0.6457386178708792 0.9953159059560511 0.0
0.8000936322127414 0.10994725496520463 0.0
0.952869286917494 0.7669523570830651 1.0
0.5561691452065404 0.45322209461319196 1.0
0.14182847747427485 0.4767046818181703 1.0
0.09479979348072098 0.9335092385391867 0.0
0.9105091762529909 0.8369805888319605 1.0
0.5162542173679731 0.25636857612891917 0.0
0.5351399403466487 0.5391962256141485 0.0
0.030470325300120393 0.9293847786014856 1.0
0.7889395596116126 0.11486022539342566 0.0
0.21771586304873425 0.9694819266262167 0.0
0.3577020951355019 0.5047018481794308 1.0
0.6886700581846104 0.3182818822857625 1.0
0.7298702388984786 0.8700888586222699 0.0
0.1568229247693662 0.7896156161280063 1.0
0.08721057364620077 0.3873399481993868 1.0
0.5015595238126463 0.3365263687707116 0.0
0.7564996751839931 0.6241039994493361 1.0
0.5044215944958341 0.11299466759198862 0.0
0.44676349331282506 0.7120537036093306 0.0
0.6598255580312429 0.07207550645128757 0.0
0.03573525574215264 0.1716416417726473 1.0
0.3223915268700651 0.04772020926102294 0.0
0.8496574325360687 0.3685409432831678 1.0
0.04927569625748485 0.8402182402514549 1.0
0.40895865805174647 0.6954749996377194 0.0
0.7801468900203564 0.08907106090112182 0.0
0.06399697118749481 0.1833599386139102 1.0
0.07845590916173728 0.17872864661533727 1.0
0.6170091523568623 0.9877004816140835 0.0
0.8450824734228815 0.9866290496976483 0.0
0.27444959579837 0.7004100137772766 1.0
0.794439561223626 0.8545126074008783 0.0
0.7752105674382298 0.9871737084940359 0.0
0.21686528249846626 0.045327769941986285 0.0
0.661687114934088 0.20042999596441857 0.0
0.14898711742718007 0.8155629740015453 1.0
0.04451826371320655 0.7288250488095729 1.0
0.20594204685744755 0.9050692984503966 0.0
0.5205037219064426 0.04794494523461812 0.0
0.8005770697515296 0.06040950676205836 0.0
0.8979950639085326 0.5795368598836134 1.0
0.2775328043846369 0.4779386609613696 1.0
0.0662163082676529 0.4926610168941359 1.0
0.6903380691345847 0.4691966309165072 1.0
0.5140174443607852 0.9528954866973272 0.0
0.5946463602690701 0.40269389142475087 0.0
0.9881290407075547 0.44490136964282423 1.0
0.7744195421482755 0.41664602083476077 1.0
0.3658275076652391 0.7502019660462427 0.0
0.8714329586876413 0.9868612544254646 0.0
0.8804356964948159 0.45931456995108033 1.0
0.6239068187337564 0.0786863345411496 0.0
0.9151074183271499 0.041367146127190835 0.0
0.8070683425185857 0.46799553565862884 1.0
0.8764144655056001 0.6563457523486796 1.0
0.830459752055481 0.43493137527688386 1.0
0.9646310519419642 0.022726319237388326 0.0
0.6223705635846235 0.24565705089966394 0.0
0.3882384064188963 0.6678626819267041 0.0
0.3324721921408289 0.5681975473019152 1.0
0.2576997795264302 0.023517661726397243 0.0
0.42021496601933783 0.7206635074304851 0.0
0.8718773399182285 0.5413858452381806 1.0
0.4248584170381129 0.37272954639589806 0.0
0.35228016055991107 0.6577353793444908 0.0
0.34860896942142106 0.2837211429242308 0.0
0.7754623600129631 0.13276656679433074 0.0
0.21267924988755915 0.13724086983784944 0.0
0.25559220886675627 0.43515650009053497 1.0
0.923082739692141 0.7350849064243209 1.0
0.8104564295325121 0.014022981737835338 0.0
0.33167066548421587 0.5966457879705334 1.0
0.8198384250052521 0.16596846883870653 0.0
0.6789615287206532 0.3747046236203976 1.0
0.17117295353476392 0.5815836907521532 1.0
0.8758007773600532 0.3074311091676405 1.0
0.6093725249321803 0.4549545826063086 1.0
0.09663216306844902 0.1997410561122388 1.0
0.8401608574938575 0.3231619014709216 1.0
0.8539309202551114 0.22276111925288533 1.0
0.809963973006883 0.3265384052465715 1.0
0.11088068562071318 0.23678874976476116 1.0
0.0666327141678873 0.5185052712709478 1.0
0.10265149038369581 0.2587212351147903 1.0
0.8250400428493401 0.23095599634558484 1.0
0.7529192610344166 0.6344185689409861 1.0
0.42107615173080903 0.5681742294943358 1.0
0.7924081046269087 0.3948066471356694 1.0
0.5859647411211507 0.5851292237823779 1.0
0.33499406176066604 0.3176140291582079 0.0
0.7927381934805597 0.17224272116532002 0.0
0.5300477165691551 0.6620269918582193 0.0
0.9896938185362057 0.5870513521696371 1.0
0.21836582125055592 0.9251781767491059 0.0
0.7792137014310948 0.031632903850743244 0.0
0.7430715732021038 0.3616818054341997 1.0
0.9908701175907806 0.9883163579349313 1.0
0.2354204395971159 0.46397066124455577 1.0
0.7578152163148281 0.3151291605496527 1.0
0.6738223187051574 0.48936679196973853 1.0
0.1796717939755329 0.1118542768682389 0.0
0.6936279168040289 0.7975438924596383 0.0
0.3519909993890439 0.32104399791182336 0.0
0.19737997977010202 0.7123458290732128 1.0
0.2570878420037732 0.6513848729229771 1.0
0.7525022232291906 0.5249223688655275 1.0
0.08549244860919758 0.5203291149377366 1.0
0.0059839389483943295 0.5825898454117537 1.0
0.05050206909036303 0.9532530366262039 0.0
0.02859577040088257 0.9466527336174769 1.0
0.07711032121424288 0.3468562138796545 1.0
0.698672440012165 0.25319923700493596 0.0
0.1790137490761583 0.20650414645470294 1.0
0.17944877250839497 0.7217851746298413 1.0
0.2407146671976791 0.5792703593658682 1.0
0.8155930347532883 0.593533784031416 1.0
0.04534232254828752 0.5539553317259178 1.0
0.2949055615076538 0.14512408367713114 0.0
0.9935531303937324 0.9454667869823942 1.0
0.18490309594871956 0.6642490455738699 1.0
0.7141535448054136 0.7166387219274497 0.0
0.2389365752940792 0.7829481064186271 0.0
0.09024914965262132 0.552245706721551 1.0
0.23676238719138387 0.32612759756367105 1.0
0.33848517981660764 0.645522438185894 1.0
0.6014462840115771 0.6826970718576324 0.0
0.5161583450303665 0.42044335826300383 0.0
0.9266329366436683 0.3912577599146645 1.0
0.8957544178357318 0.21255976275365307 1.0
0.12982718716558972 0.9940641664644178 0.0
0.6693616134434243 0.10726671831720624 0.0
0.35926244281830333 0.055705502963288356 0.0
0.5823556054488032 0.47606568597092636 1.0
0.969920316457775 0.563752144053278 1.0
0.42904432963488415 0.9597710573225597 0.0
0.4723255306771722 0.5144684245391172 1.0
0.7510316394230038 0.8609243823550603 0.0
0.48616547762290463 0.028255845146587633 0.0
0.6124924351298736 0.3839544509155254 0.0
0.10730739637399833 0.14170636673851333 1.0
0.7822619560836039 0.8396809297454538 0.0
0.08598153314205703 0.2913567910822429 1.0
0.2276711013882997 0.04268178728009897 0.0
0.13942500660816037 0.03907507743387406 0.0
0.3023901709816794 0.7390184412260613 0.0
0.3443251475614978 0.2941557058085821 0.0
0.37916087484854955 0.2978390663489514 0.0
0.8983723719892858 0.7686809077501501 1.0
0.48560469492265024 0.5742752676844273 0.0
0.45336341137353886 0.8896427176504863 0.0
0.520161400000643 0.21969613512433162 0.0
0.3556287954101669 0.7051012282876947 0.0
0.11891557469266201 0.4003024742913961 1.0
0.166947149684193 0.978568761753443 0.0
0.45312875151268317 0.4404874579372984 0.0
0.7243045008426188 0.3694627908526672 1.0
0.9702483274171032 0.3514488453476504 1.0
0.2913388548008189 0.6836985708146378 1.0
0.2447415904906216 0.19645672791124535 0.0
0.4720809253030648 0.9918906542562523 0.0
0.517380818834838 0.33249850050094854 0.0
0.5136555063068695 0.5152251251215902 0.0
0.13402255641533523 0.2953595631231368 1.0
0.10613273155063718 0.48360811474484944 1.0
0.49393840203639816 0.8945761073010541 0.0
0.4403893882892952 0.5986491524749538 0.0
0.16680913992008395 0.8533227994736061 0.0
0.43148914038441954 0.6674372570625364 0.0
0.6495004062497073 0.3930286165176281 1.0
0.31312741600044336 0.9944013801072222 0.0
0.4768107060422071 0.7722729675036717 0.0
0.6141610416309617 0.23526392468186685 0.0
0.09469516670617795 0.7148082823215952 1.0
0.5982529791310803 0.11268070693021126 0.0
0.9142893167698191 0.9003057850494237 1.0
0.4718656686360798 0.9305257756013946 0.0
0.05597913703161683 0.5725599024213593 1.0
0.4062879942949924 0.44374224096625736 1.0
0.16909094165674288 0.6765171102885071 1.0
0.48927260902347114 0.9908779252999387 0.0
0.231849830757351 0.3338762418958374 1.0
0.4466001826010487 0.6012163213799288 0.0
0.2943613838816199 0.28120456182752684 0.0
0.17398309174965987 0.6083486174653022 1.0
0.21778315021188754 0.57059914114317 1.0
0.761480869308392 0.47758547294352527 1.0
0.008954948429299114 0.9899950854292517 1.0
0.5473251151104822 0.6829913703830266 0.0
0.7801196377772964 0.3387227264910776 1.0
0.726500705702143 0.6771637845023344 1.0
0.5021094825221463 0.8434196632388 0.0
0.5002287990172879 0.32392122142191004 0.0
0.9149076383569814 0.01739131202868871 0.0
0.8259229698099403 0.007792781233301294 0.0
0.9100655116274509 0.9618565910693786 0.0
0.3837384988319238 0.463270582540827 1.0
0.8792769383520801 0.8299286984318057 1.0
0.08103918344635919 0.3911025216330095 1.0
0.825612676958317 0.02968800036469854 0.0
0.1876135441917044 0.9526651537986944 0.0
0.307291195505802 0.23500876907157242 0.0
0.43185878232264274 0.4675158541682344 1.0
0.7243145325995616 0.4264188033577976 1.0
0.8933803366995829 0.9368526515810411 0.0
0.6518751944336247 0.4400148679707562 1.0
0.2684908733683615 0.7529791840052393 0.0
0.24017976105552474 0.8360090413899235 0.0
0.7501795560234399 0.6860409564428899 1.0
0.05338412202068876 0.535723840930663 1.0
0.8312159102023025 0.8955742074582418 0.0
0.751228206087553 0.8433284206605026 0.0
0.23978211141078642 0.18843941305968548 0.0
0.3669781878974263 0.2741698705097352 0.0
0.9866072775782626 0.7111250806360745 1.0
0.26735341179313943 0.11349564060969863 0.0
0.28125835149081224 0.276391205221585 0.0
0.05418791195576189 0.1146693492940043 1.0
0.8308197520884634 0.41966224092001514 1.0
0.9768350214153897 0.6898839650237742 1.0
0.19367197361732835 0.5284499610501431 1.0
0.6794248319645371 0.4890668725629006 1.0
0.2794486385682011 0.5651722518390101 1.0
0.09761929514067424 0.920375345567749 0.0
0.3179454422494826 0.8053552130055247 0.0
0.792601498672162 0.5651398988439804 1.0
0.856122615638392 0.5155534666575212 1.0
0.9674874096655377 0.488775722166621 1.0
0.8262396247315572 0.5457794342092566 1.0
0.3532407342864463 0.34824976549764974 0.0
0.5157851002925337 0.06882473357238084 0.0
0.11305773655798601 0.6573808644142225 1.0
0.6194839667739176 0.789622850729243 0.0
0.6505276927633846 0.3473787997709673 0.0
0.4570685792668143 0.3398619305046443 0.0
0.4821098422121679 0.8540648487762749 0.0
0.9326557650316261 0.5537749677114113 1.0
0.0701126572580989 0.22115564250159525 1.0
0.6215440003355078 0.03761598243555331 0.0
0.25369839548427686 0.34740560074836746 1.0
0.8297429598779491 0.24592929413015574 1.0
0.31209313845179865 0.6442448108220031 1.0
0.8288040625440045 0.16114972377262293 0.0
0.0728380185884534 0.2831513641648855 1.0
0.4395778763049353 0.7355895759643547 0.0
0.8308570005448043 0.18140171612997347 1.0
0.4442216918541604 0.25940511575489333 0.0
0.47271976772620095 0.6421806554639896 0.0
0.7894862298011777 0.9002259732749048 0.0
0.6108551332377625 0.38788309340720784 0.0
0.5266468179728573 0.248221781164654 0.0
0.8445201588175804 0.35290123288181663 1.0
0.4812820633978224 0.009905538006995562 0.0
0.4399755578033673 0.9526494050527673 0.0
0.2018997507585012 0.41049144505959057 1.0
0.4021058669501567 0.8491775146423465 0.0
0.8035876314697613 0.4293391682252671 1.0
0.049235064117637006 0.5349156995940829 1.0
0.3553504188447525 0.8933633601865371 0.0
0.9633604345295471 0.5419168253987919 1.0
0.9033998648605501 0.715331958507803 1.0
0.41875527248953415 0.9672790001277941 0.0
0.05260433986335622 0.5772172971413397 1.0
0.4556443066988731 0.17636313828507466 0.0
0.9708556026502354 0.8607520652382694 1.0
0.8066539468161819 0.004331898694590497 0.0
0.7957942994788266 0.3563803414422324 1.0
0.5113354314738465 0.667565309224902 0.0
0.31309662730054644 0.9377598092875095 0.0
0.626507515620694 0.9011528595346832 0.0
0.12469671134774452 0.7895003781596378 1.0
0.2324704200897011 0.200582207791402 0.0
0.30495132137668335 0.23462033711806973 0.0
0.38524321552268725 0.7032527226433477 0.0
0.44140352748184064 0.2514547047660234 0.0
0.32616125769441295 0.7264853791956947 0.0
0.967288382822125 0.4571880334952225 1.0
0.9346714044564773 0.6145993362374077 1.0
0.019853871814939583 0.06001503297137489 1.0
0.15162521362695747 0.3701878680582107 1.0
0.29830171787724724 0.16238644702459626 0.0
0.9477616508362678 0.6825484019974337 1.0
0.5742881660698687 0.1858158251293709 0.0
0.5048073863016733 0.993854002028639 0.0
0.3318815980290737 0.7179689163607191 0.0
0.8708099683834561 0.32556857883684054 1.0
0.972176281389502 0.763269427386872 1.0
0.6213611061047633 0.031540791089581965 0.0
0.5413335866297774 0.9016116405567918 0.0
0.0465375554675973 0.948911358943709 1.0
0.9499190582107191 0.412669335715931 1.0
0.15089872673747928 0.09024162958567905 0.0
0.19369781876496805 0.38492685675609606 1.0
0.9919470120665937 0.4884394290566634 1.0
0.913889667560395 0.07973577675065835 0.0
0.7108395614101347 0.5626731450285383 1.0
0.7097333009116145 0.3856794874202686 1.0
0.254632260961703 0.8224217942130868 0.0
0.9381115234248858 0.925787903600994 1.0
0.4560553790976557 0.7108099062289347 0.0
0.41718175794311185 0.7143081056376468 0.0
0.14290878272245955 0.9363515468568495 0.0
0.43778189490603925 0.992886559919312 0.0
0.7199577357535095 0.4476153419778851 1.0
0.029548899455208222 0.03413058475129749 1.0
0.0635530528499143 0.7710254418683437 1.0
0.22885614662381193 0.046401337168110124 0.0
0.09514027155112503 0.04524902047303336 0.0
0.7020204674299965 0.8045408193881515 0.0
0.6940622537700171 0.96879071111416 0.0
0.01783085797743522 0.0319203586496416 1.0
0.24440077959428042 0.3761935854359797 1.0
0.5598016633884338 0.841320301072551 0.0
0.4481859459552737 0.17252218797744034 0.0
0.3361480877625651 0.13326968928667937 0.0
0.5299451485986922 0.6814566592418829 0.0
0.37748802559343086 0.13655984391443354 0.0
0.32178248965983647 0.4332192581025579 1.0
0.5641533987774225 0.4862567879856593 1.0
0.06139585236413869 0.16418035090886285 1.0
0.7851089108565855 0.7338886603688093 1.0
0.013822037077792615 0.25450574191130126 1.0
0.17128089423285786 0.32411977263362535 1.0
0.4487374716293405 0.48364065435198234 1.0
0.21050324713122515 0.23851708060032895 1.0
0.7640252957316357 0.027203429067630625 0.0
0.7070877959779108 0.9570878289239442 0.0
0.5418657482004596 0.5899131901667404 0.0
0.34517733710817544 0.5961286866857202 1.0
0.5759626711118832 0.6822940654759849 0.0
0.4740027243603142 0.578076198499284 0.0
0.4244493919165043 0.8131787417173912 0.0
0.7824333557579073 0.7709385176073832 1.0
0.753691582610082 0.03393833179160288 0.0
0.9330821708398827 0.5143599018272164 1.0
0.594494117990717 0.24636410118182417 0.0
0.7951347762417783 0.48092875766542 1.0
0.9844184569044016 0.5269812362229245 1.0
0.845694318867049 0.28140575440332893 1.0
0.9027385863941016 0.5619473195624977 1.0
0.26101547206478803 0.4927488485549213 1.0
0.9397626513570383 0.0065309910048259034 0.0
0.9939519349262927 0.8741170986587804 1.0
0.4078232739145312 0.04719691765661416 0.0
0.236603682866383 0.44530444746270204 1.0
0.9919926146324387 0.1559367920007806 1.0
0.7891358340423729 0.7007690389650424 1.0
0.9172503646163314 0.557146648579592 1.0
0.4891057619012956 0.909848069068023 0.0
0.6545431570331577 0.10066225498545867 0.0
0.15369686991810272 0.019489537185794048 0.0
0.8968612388565126 0.023507098907844304 0.0
0.2616208243359568 0.9751739685156163 0.0
0.5033562226226216 0.7261800062390246 0.0
0.741196814763925 0.4807324865469408 1.0
0.8828742317764011 0.8693615131422956 1.0
0.10102902331103514 0.5900800043776295 1.0
0.4663795769199949 0.5538588025826088 0.0
0.4173181943635539 0.25215653165921104 0.0
0.7468934772421756 0.3149214719919412 1.0
0.7262877303133347 0.0434704612257818 0.0
0.05717304149689828 0.8638418175194058 1.0
0.6950506174232056 0.2475853695023693 0.0
0.11859916530014325 0.7558524760916916 1.0
0.9468416880136302 0.7179310246942224 1.0
0.7382258970165487 0.8633415537396048 0.0
0.8896796699343351 0.4627046699355567 1.0
0.14153164731424372 0.045560210608728946 0.0
0.10427410335475418 0.5061435702452464 1.0
0.7438953780170107 0.6224035948739083 1.0
0.1809753925927281 0.08317410123645907 0.0
0.7851522939646026 0.5720470939384239 1.0
0.4026978264856408 0.7599274613716277 0.0
0.5852607296104602 0.2262879964899952 0.0
0.5199442089075677 0.49842049683184964 1.0
0.04220817686967382 0.27731876736056105 1.0
0.395798517181265 0.41945845155582195 1.0
0.06554566138803664 0.34952941161827167 1.0
0.29473297046655966 0.4958022439534333 1.0
0.7637645605503854 0.528086551762701 1.0
0.986724342544252 0.49059521986284527 1.0
0.5426515659749863 0.42651482256030093 0.0
0.0458839595013697 0.895302006479068 1.0
0.5723076732917535 0.6804297508046082 0.0
0.26406607833010354 0.40360771594023725 1.0
0.3826570693268053 0.7944549116640653 0.0
0.9015232143095732 0.5450391410734305 1.0
0.20071817714303253 0.7867044287138202 1.0
0.8149679248236414 0.734865164449504 1.0
0.22533568902627366 0.9888410445006044 0.0
0.10258279652846858 0.1488298403729088 1.0
0.07907475668549235 0.9386766934664976 0.0
0.8317217034783287 0.15179273849697605 0.0
0.1646607267916912 0.8304829792771746 1.0
0.770071684858103 0.9555463366551045 0.0
0.94183283522126 0.34843757641174833 1.0
0.25576801082804723 0.7860245290817137 0.0
0.41543016745596817 0.006678822144985386 0.0
0.11679449024527822 0.2939184073167205 1.0
0.9506071714726798 0.605742502481375 1.0
0.3101048980637716 0.727217788951445 0.0
0.7742386560730775 0.08605662184359342 0.0
0.7113429529257713 0.7471500553928957 0.0
0.43750126166135817 0.2507607775480257 0.0
0.5783956502503632 0.8123292028293055 0.0
0.1276433543992046 0.4992655047080832 1.0
0.3248214735034497 0.14233306414427482 0.0
0.3486323421944658 0.3784422662744471 1.0
0.2624619594028841 0.5774445349413219 1.0
0.8083231455552253 0.8218472866172056 0.0
0.37975068952719915 0.437482022301915 1.0
0.40034452782235386 0.6698071130132003 0.0
0.09556805302756433 0.837662457049451 1.0
0.42950580153192874 0.39020109606549713 0.0
0.3106678017194553 0.7952895203909864 0.0
0.08252692922552718 0.024976440888496265 0.0
0.23049282993061304 0.26994912945316796 1.0
0.027418194322131217 0.11495847472843357 1.0
0.5205782123046623 0.9422739926701702 0.0
0.22882304341012005 0.7053025954790392 1.0
0.493809745649358 0.06258557931405062 0.0
0.7463999357191156 0.2090805023769009 0.0
0.8312063612278301 0.8557280883890115 0.0
0.7968480786102339 0.5753334946763511 1.0
0.6341780607571553 0.8412472344598652 0.0
0.1736400737375181 0.2630547866589471 1.0
0.3797476114853985 0.42267218525841366 1.0
0.18778466449285447 0.19816118799446336 1.0
0.018593789241771463 0.6588464161481675 1.0
0.04902895278163544 0.14958821085276508 1.0
0.9848373442621449 0.5144038207693563 1.0
0.022506986753397573 0.7736588731639743 1.0
0.3306676868248406 0.35323468621426923 1.0
0.6494577103049132 0.14221400228542003 0.0
0.16970642766857802 0.011765268437389342 0.0
0.974069556430864 0.2240865814497387 1.0
0.7861318632436216 0.635824884617332 1.0
0.39085403419796116 0.3630898989892458 0.0
0.7434336874934124 0.27842019692691566 1.0
0.9637567071942855 0.9842983260090025 0.0
0.12606624561889268 0.3049823649798231 1.0
0.11591449162192602 0.3091924567385712 1.0
0.9217003985450075 0.31183714308190036 1.0
0.4910999716311326 0.09158375808491281 0.0
0.46193900008415034 0.3354742643058618 0.0
0.7607587217764817 0.16137595101365032 0.0
0.19855738202650375 0.20766981980004073 1.0
0.6973576004162533 0.972650631148636 0.0
0.16930597949874915 0.45833065264150086 1.0
0.10534081755444924 0.09531720062279603 0.0
0.33932148960137243 0.7604031655495631 0.0
0.6654085994797738 0.3930192836069021 1.0
0.4648163929396766 0.060055703558325235 0.0
0.00895243902586873 0.34308419107772525 1.0
0.1412206666926099 0.6572465448046841 1.0
0.39497720483898857 0.299300212204586 0.0
0.3052452593785183 0.8430092528589654 0.0
0.9603880043697185 0.5296538754456656 1.0
0.3696286272298457 0.8519641767532666 0.0
0.5712555306100803 0.6064951155544002 0.0
0.16889767553097157 0.7803179334267896 1.0
0.06324137278634778 0.41452963300686574 1.0
0.07561708494936648 0.3430536851861241 1.0
0.6474371075146556 0.26665717917437404 0.0
0.5769068089156978 0.7306628544542227 0.0
0.13605244050427046 0.8025965871371273 1.0
0.78150727385915 0.6874292001137202 1.0
0.05033364580769395 0.3738163597279329 1.0
0.5919585521582302 0.6358253431270215 0.0
0.19549560366594676 0.8662164866031732 0.0
0.31547873515778446 0.9390370442207481 0.0
0.6907609037770039 0.7651859526200441 0.0
0.667883321605224 0.9303717951808086 0.0
0.08515355964538152 0.6560821718527858 1.0
0.051539015742938954 0.050963643631267264 0.0
0.04633391555725064 0.3455446793074898 1.0
0.36372066743913334 0.18767060455847018 0.0
0.42435208059156826 0.3329315265782675 0.0
0.3073874609094207 0.5933518226200643 1.0
0.4110032420936227 0.605913264687964 0.0
0.4857993181689282 0.3213299743800768 0.0
0.3094856386730842 0.7478763286862512 0.0
0.8246902170589279 0.8447611433361204 0.0
0.7625237943495037 0.7798112393271441 0.0
0.32024639123435894 0.7108800210987571 0.0
0.19412832900238686 0.13272697005566592 0.0
0.9407635276162067 0.5832121365897754 1.0
0.4963848952898936 0.05543589471098209 0.0
0.7434555206632275 0.24695249541757291 0.0
0.2777082632385903 0.13377831906673876 0.0
0.2320620056255177 0.1555914239225087 0.0
0.8554671691958561 0.25773554508695207 1.0
0.398974575270298 0.7215234168570379 0.0
0.4701952909137599 0.48937116606621134 1.0
0.7770944859367351 0.3692235102664 1.0
0.45979801976557855 0.6003010630516905 0.0
0.39557619426421065 0.7950351979653 0.0
0.35556659151536996 0.7275131917674243 0.0
0.6519482831149562 0.2037432826922969 0.0
0.0646240942629035 0.4668769410273842 1.0
0.23390469109624845 0.4355695724119214 1.0
0.7408796395145696 0.12174547641840561 0.0
0.859433337069935 0.05383698187521013 0.0
0.03902023379594166 0.12813363968507818 1.0
0.4408235082533061 0.9845719453945919 0.0
0.9898735194674028 0.39226107055073045 1.0
0.15115577766626953 0.08140476869486568 0.0
0.9123815714867094 0.322123457130982 1.0
0.2791715007057798 0.16681624305340892 0.0
0.12145773725734399 0.42709115238285367 1.0
0.8973264923564648 0.26751349352303433 1.0
0.0869780199651875 0.9880783485645718 0.0
0.15675470079952614 0.0032945498542705787 0.0
0.8517904421995228 0.14112952884411256 0.0
0.2803005049571178 0.1230101312884756 0.0
0.034546245139640996 0.45014582021143157 1.0
0.15094124916332852 0.30231201386933326 1.0
0.363880097217284 0.295696393117009 0.0
0.956461815832197 0.5671103552892636 1.0
0.6030647671381426 0.19795404037985842 0.0
0.6775124172818324 0.49091395181562236 1.0
0.7370462618794522 0.5636943617022944 1.0
0.17320286040909294 0.376920186490052 1.0
0.9041762586723482 0.9765254790530833 0.0
0.6415402969452605 0.6874144431033454 0.0
0.35716575356891467 0.3457851448119047 0.0
0.7316374207404757 0.6820763375308563 1.0
0.5450484573142667 0.3647676719718209 0.0
0.5238872175037003 0.9320537272782041 0.0
0.4846076615176965 0.6169541541875064 0.0
0.4004656006250036 0.9865586147401253 0.0
0.4310222856638938 0.5468267402223976 1.0
0.5557773256008788 0.07488203543224903 0.0
0.4599570333583435 0.2956796958230572 0.0
0.11252038655481389 0.7239701682773239 1.0
0.46462879067294394 0.7943564980622035 0.0
0.9240704184545746 0.8669026841412671 1.0
0.996886780785093 0.8997019117955668 1.0
0.7937840459360157 0.0372656791344379 0.0
0.3311282289401075 0.20571971398752453 0.0
0.7717982195447891 0.2721091995262278 1.0
0.7254975490578731 0.3814524907621165 1.0
0.6758507127795804 0.5433411669982281 1.0
0.15030972490379568 0.9807566856811671 0.0
0.7344747354130098 0.5836068612879863 1.0
0.06393195007443353 0.694636578861846 1.0
0.21164105979561643 0.2621102368413022 1.0
0.8654190661275727 0.45967594888468644 1.0
0.9731274873928772 0.6899243197043231 1.0
0.9645772188911431 0.6867567520779772 1.0
0.8963691883856012 0.7520479634575178 1.0
0.6021289101423875 0.7644663652219349 0.0
0.5455746178268612 0.7636171630100452 0.0
0.10040059497484932 0.6080699099698524 1.0
0.8523881425846674 0.7791502795697898 1.0
0.4672644118348197 0.11760122367006798 0.0
0.6606926633896788 0.01852972577306844 0.0
0.35502456361842727 0.2828398956122722 0.0
0.12137809244885778 0.6391043564983816 1.0
0.05279861749386361 0.2800943390789584 1.0
0.6211512306264342 0.9519464645985942 0.0
0.4573582390684755 0.5023167021936159 1.0
0.8326758390227046 0.6864496541823354 1.0
0.540417637770475 0.9654615842189244 0.0
0.6207830963444576 0.43532520287730425 1.0
0.5277368151531143 0.47964562770592545 1.0
0.2835333806202708 0.1818856153753704 0.0
0.44416389546222945 0.8474720430179031 0.0
0.14677297428389346 0.7070341940601639 1.0
0.5414149460869686 0.7492816182079167 0.0
0.45549900178741365 0.3435564779230774 0.0
0.473603196921795 0.6001538314787804 0.0
0.6116480252532517 0.2416437565097065 0.0
0.7676864767231333 0.9811308152403453 0.0
0.39334832829633115 0.009987566004845516 0.0
0.8712639250348466 0.4907217446363398 1.0
0.5687478715872197 0.2232102679841914 0.0
0.5179838484824915 0.7892384586646054 0.0
0.6905900067374833 0.9066862017738927 0.0
0.1852686392077436 0.8939646965680164 0.0
0.9386979782170333 0.09296308421280708 1.0
0.037347473086062455 0.9743669879329767 0.0
0.4550718072533264 0.012003138582776685 0.0
0.5270624155290492 0.009409068456404768 0.0
0.24828300205409337 0.7111079041301887 1.0
0.8104850194933413 0.6863238323028471 1.0
0.8913860182337363 0.9806842342218901 0.0
0.7988392631620049 0.6011760608318716 1.0
0.9190889739909798 0.40208930523505726 1.0
0.8887580694050523 0.809141816842775 1.0
0.8545391607454534 0.9670046861101923 0.0
0.7928904523339921 0.7848657105389779 1.0
0.6146489758060916 0.8989875303411227 0.0
0.8070205601514787 0.7678487323096295 1.0
0.8199450142517501 0.449905201376126 1.0
0.9190281224504327 0.5118814761594742 1.0
0.5066078098244394 0.5736112778360561 0.0
0.06626869657308687 0.8603505164305493 1.0
0.5653071377453911 0.13013433075113767 0.0
0.6959241063130671 0.6948647214533523 1.0
0.437118049770683 0.2803691108546439 0.0
0.726561347526203 0.5763069010713394 1.0
0.32031127701667106 0.6777811033480858 1.0
0.3580645721490924 0.4206551193205903 1.0
0.06664952225661447 0.07916267025711154 1.0
0.19497908087609084 0.8092492721405689 0.0
0.20772757970974476 0.038177515894508574 0.0
0.041667831057987215 0.8118264310357245 1.0
0.6618892408021698 0.7732031857254484 0.0
0.6933129513324655 0.8855684235159819 0.0
0.22790928442802083 0.06853738771754825 0.0
0.6928894222052345 0.30267638295093535 0.0
0.01382774753492999 0.7307989318457905 1.0
0.5560454915893864 0.8603179228322055 0.0
0.18906457546930233 0.8254536799066124 0.0
0.25633098682189437 0.8754504144291279 0.0
0.5597324035701171 0.4618378833127871 1.0
0.5390762131565584 0.6054801363786549 0.0
0.6742410417030954 0.12754324985832366 0.0
0.38929357528596864 0.7563860064371983 0.0
0.5476257371144393 0.6177046227926111 0.0
0.5043803651168417 0.9823098542583967 0.0
0.7332254956156782 0.6173450938261502 1.0
0.30928374720500174 0.5249188740286982 1.0
0.627229626303259 0.8138847290239272 0.0
0.44773735087564115 0.6852387258000943 0.0
0.02641225262622049 0.013058690656771565 0.0
0.4046056845206131 0.5265382692492738 1.0
0.18629829570411083 0.17672821022839735 0.0
0.5662013296538918 0.5716382937986397 0.0
0.7622774036638035 0.14975330122871477 0.0
0.31912541508524495 0.6976815382107376 0.0
0.8427834136813089 0.45093630582752564 1.0
0.932296209738663 0.5907771718639092 1.0
0.2501138744374187 0.6030145156694343 1.0
0.6973983644740432 0.6223006127938716 1.0
0.2071127085956449 0.027469409228840558 0.0
0.1285271738643634 0.698321403091915 1.0
0.8876431145715655 0.4235257303612352 1.0
0.2952152813791634 0.6793652679047962 1.0
0.6354791826392174 0.8440412898808722 0.0
0.7699086361364219 0.15235473650661369 0.0
0.3364174832868543 0.34368596194406165 1.0
0.9373734000564014 0.2177447050527973 1.0
0.20314097032925715 0.7652739608555338 1.0
0.04968883966026516 0.120284135535904 1.0
0.22114379621312874 0.9419682281882952 0.0
0.3377850524404479 0.7202043953602119 0.0
0.982946792138872 0.500293818571738 1.0
0.2178565222103026 0.0005385386375383883 0.0
0.9625004636683717 0.6277083970005704 1.0
0.6552162678540822 0.6305458781903653 1.0
0.6524544724960413 0.599401349349631 1.0
0.34116332297381247 0.5717233723321661 1.0
0.9336441624348009 0.6407598693584777 1.0
0.9665280949412353 0.23556662656651073 1.0
0.645459060995845 0.1578775142407438 0.0
0.8681730824100903 0.2820583803588721 1.0
0.3711293181899047 0.7693188437001308 0.0
0.443152038591079 0.5095650800185736 1.0
0.24066942226887056 0.8716898510410888 0.0
0.45944266564203873 0.5397044991313822 1.0
0.5402906478918275 0.5568894458699583 0.0
0.12302735931289155 0.05153954625137047 0.0
0.9942205782612076 0.8666792421361554 1.0
0.44304706207665945 0.754222191393729 0.0
0.28713690848944695 0.8753962001908047 0.0
0.4033106697740144 0.38362260044902585 0.0
0.06538242889671042 0.37860149524708697 1.0
0.4999969946331886 0.34576278818055994 0.0
0.5313960149444472 0.212459954313449 0.0
0.681118843641757 0.32114347112159325 1.0
0.06895945168857676 0.3855997111521171 1.0
0.7852225306067544 0.10360298835714454 0.0
0.1322009964877815 0.5571528432193332 1.0
0.30168837582804864 0.6960663310174114 1.0
0.9235639671501291 0.5986912841603319 1.0
0.4260031884368781 0.6695093335320171 0.0
0.377868604252108 0.6890532924603948 0.0
0.4102171770500955 0.6917573296958249 0.0
0.7480599437405497 0.5277060424406377 1.0
0.4433707192739653 0.5364957835455763 1.0
0.8099921919835341 0.6841477492070482 1.0
0.36830486339502855 0.5424268621841801 1.0
0.9051339327138355 0.4462328866204003 1.0
0.17064564719794173 0.06863242069573472 0.0
0.49380386601085113 0.3366843626652305 0.0
0.2778179548927302 0.24590782329881755 0.0
0.1893857136282796 0.12740778483615312 0.0
0.00044924256649625516 0.3383514801624772 1.0
0.43464972320190565 0.9121916477598234 0.0
0.5631619009618911 0.7421781144586567 0.0
0.6508249418993295 0.43318301761828026 1.0
0.9893609326439203 0.3933962147750667 1.0
0.878834000638616 0.1581908891626851 1.0
0.06046237301891999 0.5477765578478053 1.0
0.20477847052492348 0.32328517029469117 1.0
0.4307022049530056 0.8006867689716062 0.0
0.2729868474692768 0.04226945510966118 0.0
0.883184940924469 0.6371000798971196 1.0
0.17124517495005687 0.5206979200590929 1.0
0.35196421839835557 0.2516889590618885 0.0
0.16489274946957777 0.05075398917507912 0.0
0.772498346389203 0.37838379723922977 1.0
0.44067696177699534 0.6700688638474924 0.0
0.9193228901248611 0.8806478170824459 1.0
0.5777438138127213 0.3955786756786097 0.0
0.7498701200760952 0.6333752023866607 1.0
0.20368334349860606 0.26412710753997415 1.0
0.22667362948455272 0.3937559907168614 1.0
0.7501896857921814 0.24830581420392273 0.0
0.40682051697649013 0.14704641132637097 0.0
0.2990418376996806 0.5939537953465515 1.0
0.0785758867272135 0.48818300072730647 1.0
0.9285207902475361 0.11594574279542469 1.0
0.7672858545378958 0.32447341864246126 1.0
0.4809167424092169 0.7873007147883577 0.0
0.08460237356073352 0.5335536618993455 1.0
0.37616578334096484 0.3584766696033881 0.0
0.46880413684515887 0.03992411375384952 0.0
0.4412821991338739 0.9048774933309933 0.0
0.15369021268014116 0.6987873463694418 1.0
0.8139151776308547 0.9977158363628373 0.0
0.3407147670824774 0.7824727327953499 0.0
0.5806299452070798 0.44695182710674786 1.0
0.5238593231884308 0.6495668306644529 0.0
0.2580402807729584 0.7312043584704799 1.0
0.9039958830563839 0.44832178663409894 1.0
0.15428659300744052 0.6425788947780912 1.0
0.927916462381619 0.27144295604675395 1.0
0.6052727459058863 0.6909663741117628 0.0
0.9885237942350489 0.3707448070123015 1.0
0.9007980724189858 0.4486081677349839 1.0
0.7533877776687219 0.039922076161182485 0.0
0.6864814153822182 0.7955269666327879 0.0
0.6004506048325482 0.7937732646995791 0.0
0.8177348526333919 0.09477365048610464 0.0
0.7153649264211189 0.9983409894167389 0.0
0.34777325877110166 0.8606711809527754 0.0
0.7644161690949206 0.9131300394346644 0.0
0.8290179417239608 0.2008901191056337 1.0
0.6345078761456256 0.8372545885844116 0.0
0.3157821409806285 0.45864280897807497 1.0
0.24954571273169057 0.21733965447743064 0.0
0.8990084786512641 0.5760499202424009 1.0
0.8398819713455715 0.8685141904291122 0.0
0.8574606893437449 0.38500578519640205 1.0
0.9032206311577122 0.3737337405857525 1.0
0.609382354159097 0.6438712576364487 0.0
0.2928175961526037 0.08320776226977511 0.0
0.2805980517205242 0.6922508041489046 1.0
0.044420272679830064 0.48293793170368715 1.0
0.929054596502757 0.4174373648099896 1.0
0.15392548239204196 0.6002693117396233 1.0
0.14954207516367346 0.10310375350989764 0.0
0.6818324007029161 0.7623287136871937 0.0
0.21137900414570066 0.8294586054830073 0.0
0.9477269455164081 0.4723227914528114 1.0
0.4922532632120644 0.6022826693867489 0.0
0.23862944146335197 0.2953858073332396 1.0
0.36237127389705215 0.7051946724927292 0.0
0.717320342421958 0.4282003243870999 1.0
0.8575065165475521 0.166187015539895 1.0
0.48785175748169307 0.2411615685686449 0.0
0.7783504963894848 0.45696470347587104 1.0
0.5825928889091598 0.35947390369614696 0.0
0.734050948186808 0.7287618180309419 1.0
0.7225845869801557 0.5432580205176942 1.0
0.6500159874270685 0.6542395391947338 0.0
0.2462387175532773 0.5447970784248519 1.0
0.31418390047824774 0.7511107444843202 0.0
0.191541606013507 0.5409520358774585 1.0
0.072413699927531 0.7814608981995982 1.0
0.46520108690815054 0.45915624541885025 0.0
0.6769160486526619 0.0031975528832137723 0.0
0.711955186822512 0.5651794217102386 1.0
0.00787730910554063 0.8130724631990123 1.0
0.3330386973365582 0.6734643598626531 0.0
0.7662323770264977 0.7773916724777773 0.0
0.2744966650751407 0.9418207779819073 0.0
0.6966123764655161 0.7842334326858238 0.0
0.8779616316647167 0.45180865859288355 1.0
0.014243295920641108 0.3097948006278013 1.0
0.06562461222876137 0.6044891102939975 1.0
0.1401084599770801 0.9448157711858263 0.0
0.27404500106232665 0.336770203474117 1.0
0.9315388088983632 0.9337901888061527 0.0
0.4023030360176456 0.2948193686439742 0.0
0.8622659698311014 0.20919926063442307 1.0
0.7620416980720323 0.3804023480150739 1.0
0.6758085799702491 0.3159676440667548 0.0
0.5172643306314266 0.9017043698916681 0.0
0.526076991122406 0.4674706256939911 0.0
0.35986301949663946 0.6573053646638567 0.0
0.49263592699013325 0.9789810767226694 0.0
0.37588904370674536 0.5648218821715382 1.0
0.3075484314377821 0.2979726101620038 0.0
0.1487779559407595 0.7602465960212644 1.0
0.18667431188059458 0.894656495258986 0.0
0.22776877723874744 0.04298708184172073 0.0
0.7279415500649794 0.6952354660233997 1.0
0.32915457746688814 0.34873612722119585 1.0
0.06090397084787824 0.4003333008260488 1.0
0.6363983652713595 0.08117376578520485 0.0
0.707111095748765 0.34015680004789417 1.0
0.5346835338766774 0.07083396262567687 0.0
0.5329123151884831 0.9156648864175231 0.0
0.9859178520946927 0.8801037788757858 1.0
0.6140794600275918 0.05259463300869138 0.0
0.6530985602868719 0.3080288697870668 0.0
0.5245471065578806 0.9676936878053577 0.0
0.8225906030798238 0.17748182835338056 1.0
0.6534509715188185 0.12444965644842476 0.0
0.18771538558949552 0.08212845200762997 0.0
0.34021452490605597 0.18135975559966389 0.0
0.8387265351329712 0.80354417870752 1.0
0.47509923490308936 0.6001064946053432 0.0
0.5004681403355777 0.05069864451240769 0.0
0.9516032997225286 0.7128935672264584 1.0
0.7223215278626802 0.712344141660599 1.0
0.4776474968125458 0.37919617324957855 0.0
0.5186932207038439 0.07798758475622813 0.0
0.8462252708665629 0.7328011033746995 1.0
0.4843044617301181 0.14609453155575924 0.0
0.0744634457794533 0.2281067465239791 1.0
0.38769954564855835 0.6678627576998569 0.0
0.9190019295131164 0.9341664277761016 0.0
0.7827136649413328 0.5197874201975613 1.0
0.024796484570304478 0.18223233105866932 1.0
0.5253438672015844 0.2467329693593665 0.0
0.7826032579492723 0.1955143787428424 0.0
0.29586885028206145 0.8870576981850885 0.0
0.7923377116681656 0.7281057272076114 1.0
0.44345861435425593 0.41483379324000746 0.0
0.7994044517435751 0.8109566699091167 0.0
0.1472499124862453 0.5763258039818047 1.0
0.0754626980155444 0.6645917241335471 1.0
0.4626473984395917 0.33035107417166454 0.0
0.5293984453053413 0.4065998190978892 0.0
0.5026118589865138 0.6993233960570286 0.0
0.652553359852379 0.06939352565038182 0.0
0.9104247689843077 0.7421162991282925 1.0
0.7277928396547061 0.751657302557974 0.0
0.7367680867650702 0.6971342788995666 1.0
0.5378741840392488 0.874328010421338 0.0
0.2730109694326631 0.26381271513746796 0.0
0.8054916072733226 0.21412721729425688 1.0
